Models List

| formula                    |   accuracy |   precision |   recall |       f1 |   avg_accuracy |      avg_f1 |   Model_id |
|:---------------------------|-----------:|------------:|---------:|---------:|---------------:|------------:|-----------:|
| ('flag', '-2-3-')          |   0.927273 |    0.931818 | 0.927273 | 0.927988 |       0.909091 |    0.905952 |          0 |
| ('flag', '-2-3-', '-2-7-') |   0.945455 |    0.947036 | 0.945455 | 0.945849 |       0.909091 |    0.90624  |          1 |
| ('flag', '-2-7-')          |   0.963636 |    0.965152 | 0.963636 | 0.96382  |       0.890909 |    0.871515 |          2 |
| ('-2-3-', '-2-7-')         |   0.672727 |    0.670256 | 0.672727 | 0.667619 |    -inf        | -inf        |          3 |

 Probabilities

|    |   Prob_Class_1 |   Prob_Class_2 |   Prob_Class_3 |   Predicted_Class |   True_Class |
|---:|---------------:|---------------:|---------------:|------------------:|-------------:|
|  0 |    0.973703    |      0.0262048 |    9.27053e-05 |                 1 |            1 |
|  1 |    0.983466    |      0.0165225 |    1.1332e-05  |                 1 |            1 |
|  2 |    0.98048     |      0.0195051 |    1.47779e-05 |                 1 |            1 |
|  3 |    0.980185    |      0.0198042 |    1.09214e-05 |                 1 |            1 |
|  4 |    0.973286    |      0.0266902 |    2.35614e-05 |                 1 |            1 |
|  5 |    0.965937    |      0.0340212 |    4.13779e-05 |                 1 |            1 |
|  6 |    0.960538    |      0.0394111 |    5.06519e-05 |                 1 |            1 |
|  7 |    0.955836    |      0.0441091 |    5.44472e-05 |                 1 |            1 |
|  8 |    0.935154    |      0.0646789 |    0.000167347 |                 1 |            1 |
|  9 |    0.918558    |      0.0811573 |    0.000285083 |                 1 |            1 |
| 10 |    0.930979    |      0.0689168 |    0.000104438 |                 1 |            1 |
| 11 |    0.885307    |      0.114148  |    0.000545471 |                 1 |            1 |
| 12 |    0.877644    |      0.121859  |    0.000496976 |                 1 |            1 |
| 13 |    0.877939    |      0.121716  |    0.000344963 |                 1 |            1 |
| 14 |    0.867757    |      0.131908  |    0.000335074 |                 1 |            1 |
| 15 |    0.856117    |      0.143551  |    0.0003322   |                 1 |            1 |
| 16 |    0.832133    |      0.167424  |    0.000443703 |                 1 |            1 |
| 17 |    0.755358    |      0.243032  |    0.00161015  |                 1 |            1 |
| 18 |    0.678976    |      0.316992  |    0.00403148  |                 1 |            1 |
| 19 |    0.480393    |      0.484673  |    0.0349336   |                 2 |            1 |
| 20 |    0.656964    |      0.340243  |    0.00279346  |                 1 |            1 |
| 21 |    0.327586    |      0.57908   |    0.0933336   |                 2 |            1 |
| 22 |    0.421558    |      0.55114   |    0.0273024   |                 2 |            2 |
| 23 |    0.368295    |      0.595116  |    0.0365892   |                 2 |            2 |
| 24 |    0.361704    |      0.609067  |    0.0292296   |                 2 |            2 |
| 25 |    0.206872    |      0.664424  |    0.128703    |                 2 |            2 |
| 26 |    0.151901    |      0.653068  |    0.195031    |                 2 |            2 |
| 27 |    0.189731    |      0.709221  |    0.101048    |                 2 |            2 |
| 28 |    0.240428    |      0.720326  |    0.0392466   |                 2 |            2 |
| 29 |    0.164561    |      0.747399  |    0.0880391   |                 2 |            2 |
| 30 |    0.203104    |      0.759998  |    0.0368974   |                 2 |            2 |
| 31 |    0.203909    |      0.769424  |    0.0266666   |                 2 |            2 |
| 32 |    0.182913    |      0.789564  |    0.0275233   |                 2 |            2 |
| 33 |    0.134984    |      0.815539  |    0.0494768   |                 2 |            2 |
| 34 |    0.0942211   |      0.814485  |    0.0912937   |                 2 |            2 |
| 35 |    0.0586539   |      0.761458  |    0.179888    |                 2 |            2 |
| 36 |    0.0677375   |      0.820319  |    0.111944    |                 2 |            2 |
| 37 |    0.081728    |      0.861913  |    0.0563591   |                 2 |            2 |
| 38 |    0.0334188   |      0.727982  |    0.238599    |                 2 |            2 |
| 39 |    0.0541201   |      0.861784  |    0.0840962   |                 2 |            2 |
| 40 |    0.0493382   |      0.871867  |    0.078795    |                 2 |            2 |
| 41 |    0.0159102   |      0.629356  |    0.354734    |                 2 |            2 |
| 42 |    0.0341405   |      0.86465   |    0.101209    |                 2 |            2 |
| 43 |    0.00532939  |      0.395334  |    0.599337    |                 3 |            2 |
| 44 |    0.00465824  |      0.394889  |    0.600453    |                 3 |            3 |
| 45 |    0.00164105  |      0.217728  |    0.780631    |                 3 |            3 |
| 46 |    0.00612134  |      0.542043  |    0.451836    |                 2 |            3 |
| 47 |    0.000940267 |      0.178244  |    0.820816    |                 3 |            3 |
| 48 |    0.00367001  |      0.471216  |    0.525114    |                 3 |            3 |
| 49 |    0.00178337  |      0.327162  |    0.671055    |                 3 |            3 |
| 50 |    0.000894485 |      0.22607   |    0.773036    |                 3 |            3 |
| 51 |    0.0008732   |      0.243224  |    0.755903    |                 3 |            3 |
| 52 |    4.64416e-05 |      0.0335141 |    0.966439    |                 3 |            3 |
| 53 |    0.000350037 |      0.155842  |    0.843808    |                 3 |            3 |
| 54 |    8.55538e-06 |      0.0118794 |    0.988112    |                 3 |            3 |

Confusion Matrix

[[20  2  0]
 [ 0 21  1]
 [ 0  1 10]]

Precision

[1.         0.875      0.90909091]

Recall

[0.90909091 0.95454545 0.90909091]

Accuracy

0.9272727272727272

Models List

| formula                    |   accuracy |   precision |   recall |       f1 |   avg_accuracy |      avg_f1 |   Model_id |
|:---------------------------|-----------:|------------:|---------:|---------:|---------------:|------------:|-----------:|
| ('flag', '-2-3-')          |   0.927273 |    0.931818 | 0.927273 | 0.927988 |       0.909091 |    0.905952 |          0 |
| ('flag', '-2-3-', '-2-7-') |   0.945455 |    0.947036 | 0.945455 | 0.945849 |       0.909091 |    0.90624  |          1 |
| ('flag', '-2-7-')          |   0.963636 |    0.965152 | 0.963636 | 0.96382  |       0.890909 |    0.871515 |          2 |
| ('-2-3-', '-2-7-')         |   0.672727 |    0.670256 | 0.672727 | 0.667619 |    -inf        | -inf        |          3 |

 Probabilities

|    |   Prob_Class_1 |   Prob_Class_2 |   Prob_Class_3 |   Predicted_Class |   True_Class |
|---:|---------------:|---------------:|---------------:|------------------:|-------------:|
|  0 |    0.973703    |      0.0262048 |    9.27053e-05 |                 1 |            1 |
|  1 |    0.983466    |      0.0165225 |    1.1332e-05  |                 1 |            1 |
|  2 |    0.98048     |      0.0195051 |    1.47779e-05 |                 1 |            1 |
|  3 |    0.980185    |      0.0198042 |    1.09214e-05 |                 1 |            1 |
|  4 |    0.973286    |      0.0266902 |    2.35614e-05 |                 1 |            1 |
|  5 |    0.965937    |      0.0340212 |    4.13779e-05 |                 1 |            1 |
|  6 |    0.960538    |      0.0394111 |    5.06519e-05 |                 1 |            1 |
|  7 |    0.955836    |      0.0441091 |    5.44472e-05 |                 1 |            1 |
|  8 |    0.935154    |      0.0646789 |    0.000167347 |                 1 |            1 |
|  9 |    0.918558    |      0.0811573 |    0.000285083 |                 1 |            1 |
| 10 |    0.930979    |      0.0689168 |    0.000104438 |                 1 |            1 |
| 11 |    0.885307    |      0.114148  |    0.000545471 |                 1 |            1 |
| 12 |    0.877644    |      0.121859  |    0.000496976 |                 1 |            1 |
| 13 |    0.877939    |      0.121716  |    0.000344963 |                 1 |            1 |
| 14 |    0.867757    |      0.131908  |    0.000335074 |                 1 |            1 |
| 15 |    0.856117    |      0.143551  |    0.0003322   |                 1 |            1 |
| 16 |    0.832133    |      0.167424  |    0.000443703 |                 1 |            1 |
| 17 |    0.755358    |      0.243032  |    0.00161015  |                 1 |            1 |
| 18 |    0.678976    |      0.316992  |    0.00403148  |                 1 |            1 |
| 19 |    0.480393    |      0.484673  |    0.0349336   |                 2 |            1 |
| 20 |    0.656964    |      0.340243  |    0.00279346  |                 1 |            1 |
| 21 |    0.327586    |      0.57908   |    0.0933336   |                 2 |            1 |
| 22 |    0.421558    |      0.55114   |    0.0273024   |                 2 |            2 |
| 23 |    0.368295    |      0.595116  |    0.0365892   |                 2 |            2 |
| 24 |    0.361704    |      0.609067  |    0.0292296   |                 2 |            2 |
| 25 |    0.206872    |      0.664424  |    0.128703    |                 2 |            2 |
| 26 |    0.151901    |      0.653068  |    0.195031    |                 2 |            2 |
| 27 |    0.189731    |      0.709221  |    0.101048    |                 2 |            2 |
| 28 |    0.240428    |      0.720326  |    0.0392466   |                 2 |            2 |
| 29 |    0.164561    |      0.747399  |    0.0880391   |                 2 |            2 |
| 30 |    0.203104    |      0.759998  |    0.0368974   |                 2 |            2 |
| 31 |    0.203909    |      0.769424  |    0.0266666   |                 2 |            2 |
| 32 |    0.182913    |      0.789564  |    0.0275233   |                 2 |            2 |
| 33 |    0.134984    |      0.815539  |    0.0494768   |                 2 |            2 |
| 34 |    0.0942211   |      0.814485  |    0.0912937   |                 2 |            2 |
| 35 |    0.0586539   |      0.761458  |    0.179888    |                 2 |            2 |
| 36 |    0.0677375   |      0.820319  |    0.111944    |                 2 |            2 |
| 37 |    0.081728    |      0.861913  |    0.0563591   |                 2 |            2 |
| 38 |    0.0334188   |      0.727982  |    0.238599    |                 2 |            2 |
| 39 |    0.0541201   |      0.861784  |    0.0840962   |                 2 |            2 |
| 40 |    0.0493382   |      0.871867  |    0.078795    |                 2 |            2 |
| 41 |    0.0159102   |      0.629356  |    0.354734    |                 2 |            2 |
| 42 |    0.0341405   |      0.86465   |    0.101209    |                 2 |            2 |
| 43 |    0.00532939  |      0.395334  |    0.599337    |                 3 |            2 |
| 44 |    0.00465824  |      0.394889  |    0.600453    |                 3 |            3 |
| 45 |    0.00164105  |      0.217728  |    0.780631    |                 3 |            3 |
| 46 |    0.00612134  |      0.542043  |    0.451836    |                 2 |            3 |
| 47 |    0.000940267 |      0.178244  |    0.820816    |                 3 |            3 |
| 48 |    0.00367001  |      0.471216  |    0.525114    |                 3 |            3 |
| 49 |    0.00178337  |      0.327162  |    0.671055    |                 3 |            3 |
| 50 |    0.000894485 |      0.22607   |    0.773036    |                 3 |            3 |
| 51 |    0.0008732   |      0.243224  |    0.755903    |                 3 |            3 |
| 52 |    4.64416e-05 |      0.0335141 |    0.966439    |                 3 |            3 |
| 53 |    0.000350037 |      0.155842  |    0.843808    |                 3 |            3 |
| 54 |    8.55538e-06 |      0.0118794 |    0.988112    |                 3 |            3 |

Confusion Matrix

[[20  2  0]
 [ 0 21  1]
 [ 0  1 10]]

Precision

[1.         0.875      0.90909091]

Recall

[0.90909091 0.95454545 0.90909091]

Accuracy

0.9272727272727272

Models List

| formula                    |   accuracy |   precision |   recall |       f1 |   avg_accuracy |      avg_f1 |   Model_id |
|:---------------------------|-----------:|------------:|---------:|---------:|---------------:|------------:|-----------:|
| ('flag', '-2-3-')          |   0.927273 |    0.931818 | 0.927273 | 0.927988 |       0.909091 |    0.905952 |          0 |
| ('flag', '-2-3-', '-2-7-') |   0.945455 |    0.947036 | 0.945455 | 0.945849 |       0.909091 |    0.90624  |          1 |
| ('flag', '-2-7-')          |   0.963636 |    0.965152 | 0.963636 | 0.96382  |       0.890909 |    0.871515 |          2 |
| ('-2-3-', '-2-7-')         |   0.672727 |    0.670256 | 0.672727 | 0.667619 |    -inf        | -inf        |          3 |

 Probabilities

|    |   Prob_Class_1 |   Prob_Class_2 |   Prob_Class_3 |   Predicted_Class |   True_Class |
|---:|---------------:|---------------:|---------------:|------------------:|-------------:|
|  0 |    0.973703    |      0.0262048 |    9.27053e-05 |                 1 |            1 |
|  1 |    0.983466    |      0.0165225 |    1.1332e-05  |                 1 |            1 |
|  2 |    0.98048     |      0.0195051 |    1.47779e-05 |                 1 |            1 |
|  3 |    0.980185    |      0.0198042 |    1.09214e-05 |                 1 |            1 |
|  4 |    0.973286    |      0.0266902 |    2.35614e-05 |                 1 |            1 |
|  5 |    0.965937    |      0.0340212 |    4.13779e-05 |                 1 |            1 |
|  6 |    0.960538    |      0.0394111 |    5.06519e-05 |                 1 |            1 |
|  7 |    0.955836    |      0.0441091 |    5.44472e-05 |                 1 |            1 |
|  8 |    0.935154    |      0.0646789 |    0.000167347 |                 1 |            1 |
|  9 |    0.918558    |      0.0811573 |    0.000285083 |                 1 |            1 |
| 10 |    0.930979    |      0.0689168 |    0.000104438 |                 1 |            1 |
| 11 |    0.885307    |      0.114148  |    0.000545471 |                 1 |            1 |
| 12 |    0.877644    |      0.121859  |    0.000496976 |                 1 |            1 |
| 13 |    0.877939    |      0.121716  |    0.000344963 |                 1 |            1 |
| 14 |    0.867757    |      0.131908  |    0.000335074 |                 1 |            1 |
| 15 |    0.856117    |      0.143551  |    0.0003322   |                 1 |            1 |
| 16 |    0.832133    |      0.167424  |    0.000443703 |                 1 |            1 |
| 17 |    0.755358    |      0.243032  |    0.00161015  |                 1 |            1 |
| 18 |    0.678976    |      0.316992  |    0.00403148  |                 1 |            1 |
| 19 |    0.480393    |      0.484673  |    0.0349336   |                 2 |            1 |
| 20 |    0.656964    |      0.340243  |    0.00279346  |                 1 |            1 |
| 21 |    0.327586    |      0.57908   |    0.0933336   |                 2 |            1 |
| 22 |    0.421558    |      0.55114   |    0.0273024   |                 2 |            2 |
| 23 |    0.368295    |      0.595116  |    0.0365892   |                 2 |            2 |
| 24 |    0.361704    |      0.609067  |    0.0292296   |                 2 |            2 |
| 25 |    0.206872    |      0.664424  |    0.128703    |                 2 |            2 |
| 26 |    0.151901    |      0.653068  |    0.195031    |                 2 |            2 |
| 27 |    0.189731    |      0.709221  |    0.101048    |                 2 |            2 |
| 28 |    0.240428    |      0.720326  |    0.0392466   |                 2 |            2 |
| 29 |    0.164561    |      0.747399  |    0.0880391   |                 2 |            2 |
| 30 |    0.203104    |      0.759998  |    0.0368974   |                 2 |            2 |
| 31 |    0.203909    |      0.769424  |    0.0266666   |                 2 |            2 |
| 32 |    0.182913    |      0.789564  |    0.0275233   |                 2 |            2 |
| 33 |    0.134984    |      0.815539  |    0.0494768   |                 2 |            2 |
| 34 |    0.0942211   |      0.814485  |    0.0912937   |                 2 |            2 |
| 35 |    0.0586539   |      0.761458  |    0.179888    |                 2 |            2 |
| 36 |    0.0677375   |      0.820319  |    0.111944    |                 2 |            2 |
| 37 |    0.081728    |      0.861913  |    0.0563591   |                 2 |            2 |
| 38 |    0.0334188   |      0.727982  |    0.238599    |                 2 |            2 |
| 39 |    0.0541201   |      0.861784  |    0.0840962   |                 2 |            2 |
| 40 |    0.0493382   |      0.871867  |    0.078795    |                 2 |            2 |
| 41 |    0.0159102   |      0.629356  |    0.354734    |                 2 |            2 |
| 42 |    0.0341405   |      0.86465   |    0.101209    |                 2 |            2 |
| 43 |    0.00532939  |      0.395334  |    0.599337    |                 3 |            2 |
| 44 |    0.00465824  |      0.394889  |    0.600453    |                 3 |            3 |
| 45 |    0.00164105  |      0.217728  |    0.780631    |                 3 |            3 |
| 46 |    0.00612134  |      0.542043  |    0.451836    |                 2 |            3 |
| 47 |    0.000940267 |      0.178244  |    0.820816    |                 3 |            3 |
| 48 |    0.00367001  |      0.471216  |    0.525114    |                 3 |            3 |
| 49 |    0.00178337  |      0.327162  |    0.671055    |                 3 |            3 |
| 50 |    0.000894485 |      0.22607   |    0.773036    |                 3 |            3 |
| 51 |    0.0008732   |      0.243224  |    0.755903    |                 3 |            3 |
| 52 |    4.64416e-05 |      0.0335141 |    0.966439    |                 3 |            3 |
| 53 |    0.000350037 |      0.155842  |    0.843808    |                 3 |            3 |
| 54 |    8.55538e-06 |      0.0118794 |    0.988112    |                 3 |            3 |

Confusion Matrix

[[20  2  0]
 [ 0 21  1]
 [ 0  1 10]]

Precision

[1.         0.875      0.90909091]

Recall

[0.90909091 0.95454545 0.90909091]

Accuracy

0.9272727272727272

Models List

| formula                    |   accuracy |   precision |   recall |       f1 |    mcfaden |   avg_accuracy |      avg_f1 |   Model_id |
|:---------------------------|-----------:|------------:|---------:|---------:|-----------:|---------------:|------------:|-----------:|
| ('flag', '-2-3-')          |   0.927273 |    0.931818 | 0.927273 | 0.927988 | -0.302685  |       0.909091 |    0.905952 |          0 |
| ('flag', '-2-3-', '-2-7-') |   0.945455 |    0.947036 | 0.945455 | 0.945849 | -0.36111   |       0.909091 |    0.90624  |          1 |
| ('flag', '-2-7-')          |   0.963636 |    0.965152 | 0.963636 | 0.96382  | -0.0737135 |       0.890909 |    0.871515 |          2 |
| ('-2-3-', '-2-7-')         |   0.672727 |    0.670256 | 0.672727 | 0.667619 | -0.0998197 |    -inf        | -inf        |          3 |

 Probabilities

|    |   Prob_Class_1 |   Prob_Class_2 |   Prob_Class_3 |   Predicted_Class |   True_Class |
|---:|---------------:|---------------:|---------------:|------------------:|-------------:|
|  0 |    0.973703    |      0.0262048 |    9.27053e-05 |                 1 |            1 |
|  1 |    0.983466    |      0.0165225 |    1.1332e-05  |                 1 |            1 |
|  2 |    0.98048     |      0.0195051 |    1.47779e-05 |                 1 |            1 |
|  3 |    0.980185    |      0.0198042 |    1.09214e-05 |                 1 |            1 |
|  4 |    0.973286    |      0.0266902 |    2.35614e-05 |                 1 |            1 |
|  5 |    0.965937    |      0.0340212 |    4.13779e-05 |                 1 |            1 |
|  6 |    0.960538    |      0.0394111 |    5.06519e-05 |                 1 |            1 |
|  7 |    0.955836    |      0.0441091 |    5.44472e-05 |                 1 |            1 |
|  8 |    0.935154    |      0.0646789 |    0.000167347 |                 1 |            1 |
|  9 |    0.918558    |      0.0811573 |    0.000285083 |                 1 |            1 |
| 10 |    0.930979    |      0.0689168 |    0.000104438 |                 1 |            1 |
| 11 |    0.885307    |      0.114148  |    0.000545471 |                 1 |            1 |
| 12 |    0.877644    |      0.121859  |    0.000496976 |                 1 |            1 |
| 13 |    0.877939    |      0.121716  |    0.000344963 |                 1 |            1 |
| 14 |    0.867757    |      0.131908  |    0.000335074 |                 1 |            1 |
| 15 |    0.856117    |      0.143551  |    0.0003322   |                 1 |            1 |
| 16 |    0.832133    |      0.167424  |    0.000443703 |                 1 |            1 |
| 17 |    0.755358    |      0.243032  |    0.00161015  |                 1 |            1 |
| 18 |    0.678976    |      0.316992  |    0.00403148  |                 1 |            1 |
| 19 |    0.480393    |      0.484673  |    0.0349336   |                 2 |            1 |
| 20 |    0.656964    |      0.340243  |    0.00279346  |                 1 |            1 |
| 21 |    0.327586    |      0.57908   |    0.0933336   |                 2 |            1 |
| 22 |    0.421558    |      0.55114   |    0.0273024   |                 2 |            2 |
| 23 |    0.368295    |      0.595116  |    0.0365892   |                 2 |            2 |
| 24 |    0.361704    |      0.609067  |    0.0292296   |                 2 |            2 |
| 25 |    0.206872    |      0.664424  |    0.128703    |                 2 |            2 |
| 26 |    0.151901    |      0.653068  |    0.195031    |                 2 |            2 |
| 27 |    0.189731    |      0.709221  |    0.101048    |                 2 |            2 |
| 28 |    0.240428    |      0.720326  |    0.0392466   |                 2 |            2 |
| 29 |    0.164561    |      0.747399  |    0.0880391   |                 2 |            2 |
| 30 |    0.203104    |      0.759998  |    0.0368974   |                 2 |            2 |
| 31 |    0.203909    |      0.769424  |    0.0266666   |                 2 |            2 |
| 32 |    0.182913    |      0.789564  |    0.0275233   |                 2 |            2 |
| 33 |    0.134984    |      0.815539  |    0.0494768   |                 2 |            2 |
| 34 |    0.0942211   |      0.814485  |    0.0912937   |                 2 |            2 |
| 35 |    0.0586539   |      0.761458  |    0.179888    |                 2 |            2 |
| 36 |    0.0677375   |      0.820319  |    0.111944    |                 2 |            2 |
| 37 |    0.081728    |      0.861913  |    0.0563591   |                 2 |            2 |
| 38 |    0.0334188   |      0.727982  |    0.238599    |                 2 |            2 |
| 39 |    0.0541201   |      0.861784  |    0.0840962   |                 2 |            2 |
| 40 |    0.0493382   |      0.871867  |    0.078795    |                 2 |            2 |
| 41 |    0.0159102   |      0.629356  |    0.354734    |                 2 |            2 |
| 42 |    0.0341405   |      0.86465   |    0.101209    |                 2 |            2 |
| 43 |    0.00532939  |      0.395334  |    0.599337    |                 3 |            2 |
| 44 |    0.00465824  |      0.394889  |    0.600453    |                 3 |            3 |
| 45 |    0.00164105  |      0.217728  |    0.780631    |                 3 |            3 |
| 46 |    0.00612134  |      0.542043  |    0.451836    |                 2 |            3 |
| 47 |    0.000940267 |      0.178244  |    0.820816    |                 3 |            3 |
| 48 |    0.00367001  |      0.471216  |    0.525114    |                 3 |            3 |
| 49 |    0.00178337  |      0.327162  |    0.671055    |                 3 |            3 |
| 50 |    0.000894485 |      0.22607   |    0.773036    |                 3 |            3 |
| 51 |    0.0008732   |      0.243224  |    0.755903    |                 3 |            3 |
| 52 |    4.64416e-05 |      0.0335141 |    0.966439    |                 3 |            3 |
| 53 |    0.000350037 |      0.155842  |    0.843808    |                 3 |            3 |
| 54 |    8.55538e-06 |      0.0118794 |    0.988112    |                 3 |            3 |

Confusion Matrix

[[20  2  0]
 [ 0 21  1]
 [ 0  1 10]]

Precision

[1.         0.875      0.90909091]

Recall

[0.90909091 0.95454545 0.90909091]

Accuracy

0.9272727272727272

Models List

| formula                    |   accuracy |   precision |   recall |       f1 |   mcfaden |   avg_accuracy |   avg_f1 |   Model_id |
|:---------------------------|-----------:|------------:|---------:|---------:|----------:|---------------:|---------:|-----------:|
| ('-2-3-', '-2-7-')         |   0.654545 |    0.650952 | 0.654545 | 0.651798 |       nan |           -inf |     -inf |          2 |
| ('flag', '-2-3-')          |   1        |    1        | 1        | 1        |       nan |            nan |      nan |          0 |
| ('flag', '-2-7-')          |   1        |    1        | 1        | 1        |       nan |            nan |      nan |          1 |
| ('flag', '-2-3-', '-2-7-') |   1        |    1        | 1        | 1        |       nan |            nan |      nan |          3 |

 Probabilities

|    |   Prob_Class_1 |   Prob_Class_2 |   Prob_Class_3 |   Predicted_Class |   True_Class |
|---:|---------------:|---------------:|---------------:|------------------:|-------------:|
|  0 |    0.21139     |     0.454714   |       0.333896 |                 2 |            1 |
|  1 |    0.763201    |    -0.53788    |       0.774679 |                 1 |            1 |
|  2 |    0.775951    |    -0.562592   |       0.786641 |                 1 |            1 |
|  3 |    0.899434    |    -0.803034   |       0.9036   |                 1 |            1 |
|  4 |    0.80261     |    -0.61434    |       0.81173  |                 1 |            1 |
|  5 |    0.732568    |    -0.478613   |       0.746045 |                 1 |            1 |
|  6 |    0.766378    |    -0.544035   |       0.777657 |                 1 |            1 |
|  7 |    0.811377    |    -0.631379   |       0.820002 |                 1 |            1 |
|  8 |    0.562252    |    -0.152815   |       0.590563 |                 1 |            1 |
|  9 |    0.456425    |     0.0444824  |       0.499092 |                 2 |            1 |
| 10 |    0.863618    |    -0.733111   |       0.869493 |                 1 |            1 |
| 11 |    0.39881     |     0.148979   |       0.452211 |                 2 |            1 |
| 12 |    0.57914     |    -0.184755   |       0.605615 |                 1 |            1 |
| 13 |    0.773777    |    -0.558376   |       0.784599 |                 1 |            1 |
| 14 |    0.851513    |    -0.709509   |       0.857996 |                 1 |            1 |
| 15 |    0.893735    |    -0.7919     |       0.898165 |                 1 |            1 |
| 16 |    0.898408    |    -0.801029   |       0.902622 |                 1 |            1 |
| 17 |    0.626582    |    -0.274981   |       0.648398 |                 1 |            1 |
| 18 |    0.612849    |    -0.248794   |       0.635944 |                 1 |            1 |
| 19 |    0.0314707   |     0.401806   |       0.566723 |                 3 |            1 |
| 20 |    0.669908    |    -0.357922   |       0.688014 |                 1 |            1 |
| 21 |    0.00930949  |     0.182086   |       0.808604 |                 3 |            1 |
| 22 |    0.248108    |     0.401926   |       0.349966 |                 2 |            2 |
| 23 |    0.224299    |     0.436811   |       0.338889 |                 2 |            2 |
| 24 |    0.287518    |     0.340099   |       0.372383 |                 2 |            2 |
| 25 |    0.037263    |     0.433897   |       0.52884  |                 3 |            2 |
| 26 |    0.0249228   |     0.355978   |       0.619099 |                 3 |            2 |
| 27 |    0.0654943   |     0.520916   |       0.41359  |                 2 |            2 |
| 28 |    0.575953    |    -0.178721   |       0.602767 |                 1 |            2 |
| 29 |    0.224937    |     0.435908   |       0.339156 |                 2 |            2 |
| 30 |    0.372313    |     0.196027   |       0.43166  |                 2 |            2 |
| 31 |    0.556892    |    -0.1427     |       0.585808 |                 1 |            2 |
| 32 |    0.668713    |    -0.355628   |       0.686915 |                 1 |            2 |
| 33 |    0.454221    |     0.0485277  |       0.497252 |                 2 |            2 |
| 34 |    0.228771    |     0.430432   |       0.340797 |                 2 |            2 |
| 35 |    0.0755357   |     0.534796   |       0.389669 |                 2 |            2 |
| 36 |    0.23116     |     0.42699    |       0.341851 |                 2 |            2 |
| 37 |    0.63889     |    -0.298494   |       0.659604 |                 1 |            2 |
| 38 |    0.191972    |     0.479975   |       0.328053 |                 2 |            2 |
| 39 |    0.592625    |    -0.210329   |       0.617704 |                 1 |            2 |
| 40 |    0.656218    |    -0.331663   |       0.675446 |                 1 |            2 |
| 41 |    0.115554    |     0.546236   |       0.33821  |                 2 |            2 |
| 42 |    0.641633    |    -0.30374    |       0.662107 |                 1 |            2 |
| 43 |    0.0410188   |     0.451322   |       0.50766  |                 2 |            2 |
| 44 |    0.045682    |     0.469873   |       0.484445 |                 2 |            3 |
| 45 |    0.0139604   |     0.246562   |       0.739478 |                 3 |            3 |
| 46 |    0.233295    |     0.423893   |       0.342813 |                 2 |            3 |
| 47 |    0.0139039   |     0.245857   |       0.740239 |                 3 |            3 |
| 48 |    0.0744365   |     0.53357    |       0.391994 |                 2 |            3 |
| 49 |    0.039502    |     0.444573   |       0.515925 |                 2 |            3 |
| 50 |    0.0430336   |     0.459726   |       0.49724  |                 2 |            3 |
| 51 |    0.020979    |     0.322156   |       0.656865 |                 3 |            3 |
| 52 |    0.00165078  |     0.0390133  |       0.959336 |                 3 |            3 |
| 53 |    0.00754828  |     0.153812   |       0.83864  |                 3 |            3 |
| 54 |    6.36487e-05 |     0.00157073 |       0.998366 |                 3 |            3 |

Confusion Matrix

[[17  3  2]
 [ 7 13  2]
 [ 0  5  6]]

Precision

[0.70833333 0.61904762 0.6       ]

Recall

[0.77272727 0.59090909 0.54545455]

Accuracy

0.6545454545454545

Models List

| formula                    |   accuracy |   precision |   recall |       f1 |   mcfaden |   avg_accuracy |   avg_f1 |   Model_id |
|:---------------------------|-----------:|------------:|---------:|---------:|----------:|---------------:|---------:|-----------:|
| ('-2-3-', '-2-7-')         |   0.654545 |    0.650952 | 0.654545 | 0.651798 |       nan |           -inf |     -inf |          2 |
| ('flag', '-2-3-')          |   1        |    1        | 1        | 1        |       nan |            nan |      nan |          0 |
| ('flag', '-2-7-')          |   1        |    1        | 1        | 1        |       nan |            nan |      nan |          1 |
| ('flag', '-2-3-', '-2-7-') |   1        |    1        | 1        | 1        |       nan |            nan |      nan |          3 |

 Probabilities

|    |   Prob_Class_1 |   Prob_Class_2 |   Prob_Class_3 |   Predicted_Class |   True_Class |
|---:|---------------:|---------------:|---------------:|------------------:|-------------:|
|  0 |   1            |  -1            |    1           |                 1 |            1 |
|  1 |   1            |  -1            |    1           |                 1 |            1 |
|  2 |   1            |  -1            |    1           |                 1 |            1 |
|  3 |   1            |  -1            |    1           |                 1 |            1 |
|  4 |   1            |  -1            |    1           |                 1 |            1 |
|  5 |   1            |  -1            |    1           |                 1 |            1 |
|  6 |   1            |  -1            |    1           |                 1 |            1 |
|  7 |   1            |  -1            |    1           |                 1 |            1 |
|  8 |   1            |  -1            |    1           |                 1 |            1 |
|  9 |   1            |  -1            |    1           |                 1 |            1 |
| 10 |   1            |  -1            |    1           |                 1 |            1 |
| 11 |   1            |  -1            |    1           |                 1 |            1 |
| 12 |   1            |  -1            |    1           |                 1 |            1 |
| 13 |   1            |  -1            |    1           |                 1 |            1 |
| 14 |   1            |  -1            |    1           |                 1 |            1 |
| 15 |   1            |  -1            |    1           |                 1 |            1 |
| 16 |   1            |  -1            |    1           |                 1 |            1 |
| 17 |   1            |  -1            |    1           |                 1 |            1 |
| 18 |   1            |  -1            |    1           |                 1 |            1 |
| 19 |   1            |  -1            |    1           |                 1 |            1 |
| 20 |   1            |  -1            |    1           |                 1 |            1 |
| 21 |   1            |  -1            |    1           |                 1 |            1 |
| 22 |   1.35384e-06  |   0.999997     |    1.35384e-06 |                 2 |            2 |
| 23 |   9.34674e-20  |   1            |    0           |                 2 |            2 |
| 24 |   1.92798e-29  |   1            |    0           |                 2 |            2 |
| 25 |   2.99155e-43  |   1            |    0           |                 2 |            2 |
| 26 |   1.61875e-57  |   1            |    0           |                 2 |            2 |
| 27 |   5.88121e-65  |   1            |    0           |                 2 |            2 |
| 28 |   1.54134e-84  |   1            |    0           |                 2 |            2 |
| 29 |   4.65801e-95  |   1            |    0           |                 2 |            2 |
| 30 |   6.80763e-98  |   1            |    0           |                 2 |            2 |
| 31 |   1.60835e-109 |   1            |    0           |                 2 |            2 |
| 32 |   3.00092e-124 |   1            |    0           |                 2 |            2 |
| 33 |   1.21226e-136 |   1            |    0           |                 2 |            2 |
| 34 |   8.3908e-149  |   1            |    0           |                 2 |            2 |
| 35 |   5.97683e-161 |   1            |    0           |                 2 |            2 |
| 36 |   1.08196e-173 |   1            |    0           |                 2 |            2 |
| 37 |   2.80899e-187 |   1            |    0           |                 2 |            2 |
| 38 |   4.04873e-207 |   1            |    0           |                 2 |            2 |
| 39 |   1.18116e-213 |   1            |    0           |                 2 |            2 |
| 40 |   1.69893e-225 |   1            |    0           |                 2 |            2 |
| 41 |   2.34457e-243 |   1            |    0           |                 2 |            2 |
| 42 |   9.99198e-251 |   1            |    0           |                 2 |            2 |
| 43 |   1.60152e-271 |   0.999999     |    9.02239e-07 |                 2 |            2 |
| 44 |   2.4805e-283  |   1.71665e-06  |    0.999998    |                 3 |            3 |
| 45 |   8.78199e-298 |   6.07768e-21  |    1           |                 3 |            3 |
| 46 |   0            |   1.21034e-33  |    1           |                 3 |            3 |
| 47 |   0            |   1.60577e-46  |    1           |                 3 |            3 |
| 48 |   0            |   2.78503e-49  |    1           |                 3 |            3 |
| 49 |   0            |   2.95049e-64  |    1           |                 3 |            3 |
| 50 |   0            |   9.51332e-84  |    1           |                 3 |            3 |
| 51 |   0            |   3.09293e-87  |    1           |                 3 |            3 |
| 52 |   0            |   3.353e-112   |    1           |                 3 |            3 |
| 53 |   0            |   2.54267e-109 |    1           |                 3 |            3 |
| 54 |   0            |   2.07675e-124 |    1           |                 3 |            3 |

Confusion Matrix

[[22  0  0]
 [ 0 22  0]
 [ 0  0 11]]

Precision

[1. 1. 1.]

Recall

[1. 1. 1.]

Accuracy

1.0

Models List

| formula                    |   accuracy |   precision |   recall |       f1 |    mcfaden |   avg_accuracy |      avg_f1 |   Model_id |
|:---------------------------|-----------:|------------:|---------:|---------:|-----------:|---------------:|------------:|-----------:|
| ('flag', '-2-3-', '-2-7-') |   1        |    1        | 1        | 1        | nan        |       0.981818 |    0.982626 |          0 |
| ('flag', '-2-3-')          |   1        |    1        | 1        | 1        | nan        |       0.963636 |    0.96022  |          1 |
| ('flag', '-2-7-')          |   1        |    1        | 1        | 1        | nan        |       0.945455 |    0.943459 |          2 |
| ('-2-3-', '-2-7-')         |   0.654545 |    0.650952 | 0.654545 | 0.651798 |  -0.299681 |    -inf        | -inf        |          3 |

 Probabilities

|    |   Prob_Class_1 |   Prob_Class_2 |   Prob_Class_3 |   Predicted_Class |   True_Class |
|---:|---------------:|---------------:|---------------:|------------------:|-------------:|
|  0 |   1            |    0           |    0           |                 1 |            1 |
|  1 |   1            |    0           |    0           |                 1 |            1 |
|  2 |   1            |    0           |    0           |                 1 |            1 |
|  3 |   1            |    0           |    0           |                 1 |            1 |
|  4 |   1            |    0           |    0           |                 1 |            1 |
|  5 |   1            |    0           |    0           |                 1 |            1 |
|  6 |   1            |    0           |    0           |                 1 |            1 |
|  7 |   1            |    0           |    0           |                 1 |            1 |
|  8 |   1            |    0           |    0           |                 1 |            1 |
|  9 |   1            |    0           |    0           |                 1 |            1 |
| 10 |   1            |    0           |    0           |                 1 |            1 |
| 11 |   1            |    0           |    0           |                 1 |            1 |
| 12 |   1            |    0           |    0           |                 1 |            1 |
| 13 |   1            |    0           |    0           |                 1 |            1 |
| 14 |   1            |    0           |    0           |                 1 |            1 |
| 15 |   1            |    0           |    0           |                 1 |            1 |
| 16 |   1            |    0           |    0           |                 1 |            1 |
| 17 |   1            |    0           |    0           |                 1 |            1 |
| 18 |   1            |    0           |    0           |                 1 |            1 |
| 19 |   1            |    0           |    0           |                 1 |            1 |
| 20 |   1            |    2.10804e-08 |    0           |                 1 |            1 |
| 21 |   1            |    1.36235e-09 |    0           |                 1 |            1 |
| 22 |   1.23994e-05  |    0.999988    |    0           |                 2 |            2 |
| 23 |   2.21249e-14  |    1           |    0           |                 2 |            2 |
| 24 |   8.45626e-25  |    1           |    0           |                 2 |            2 |
| 25 |   2.65107e-29  |    1           |    0           |                 2 |            2 |
| 26 |   2.85439e-37  |    1           |    0           |                 2 |            2 |
| 27 |   1.84439e-49  |    1           |    0           |                 2 |            2 |
| 28 |   1.90516e-62  |    1           |    0           |                 2 |            2 |
| 29 |   3.38125e-69  |    1           |    0           |                 2 |            2 |
| 30 |   6.49812e-82  |    1           |    0           |                 2 |            2 |
| 31 |   1.18471e-92  |    1           |    0           |                 2 |            2 |
| 32 |   3.70198e-102 |    1           |    0           |                 2 |            2 |
| 33 |   1.08846e-109 |    1           |    0           |                 2 |            2 |
| 34 |   5.25197e-117 |    1           |    0           |                 2 |            2 |
| 35 |   7.54865e-124 |    1           |    0           |                 2 |            2 |
| 36 |   2.38e-135    |    1           |    0           |                 2 |            2 |
| 37 |   1.59407e-147 |    1           |    0           |                 2 |            2 |
| 38 |   3.00826e-151 |    1           |    0           |                 2 |            2 |
| 39 |   3.90436e-165 |    1           |    0           |                 2 |            2 |
| 40 |   6.15625e-175 |    1           |    0           |                 2 |            2 |
| 41 |   7.10735e-178 |    1           |    0           |                 2 |            2 |
| 42 |   4.6588e-193  |    0.999993    |    6.95149e-06 |                 2 |            2 |
| 43 |   2.29589e-193 |    0.999986    |    1.41058e-05 |                 2 |            2 |
| 44 |   7.00966e-203 |    2.16438e-05 |    0.999978    |                 3 |            3 |
| 45 |   2.55323e-209 |    7.88379e-12 |    1           |                 3 |            3 |
| 46 |   4.26687e-224 |    1.31751e-26 |    1           |                 3 |            3 |
| 47 |   1.80288e-227 |    5.56687e-30 |    1           |                 3 |            3 |
| 48 |   4.19833e-242 |    1.29635e-44 |    1           |                 3 |            3 |
| 49 |   1.96336e-249 |    6.06241e-52 |    1           |                 3 |            3 |
| 50 |   4.04164e-257 |    1.24797e-59 |    1           |                 3 |            3 |
| 51 |   5.45306e-267 |    1.68378e-69 |    1           |                 3 |            3 |
| 52 |   1.69399e-268 |    5.23066e-71 |    1           |                 3 |            3 |
| 53 |   4.81719e-284 |    1.48744e-86 |    1           |                 3 |            3 |
| 54 |   9.76762e-284 |    3.01602e-86 |    1           |                 3 |            3 |

Confusion Matrix

[[22  0  0]
 [ 0 22  0]
 [ 0  0 11]]

Precision

[1. 1. 1.]

Recall

[1. 1. 1.]

Accuracy

1.0

Models List

| formula                    |   accuracy |   precision |   recall |       f1 |    mcfaden |   avg_accuracy |      avg_f1 |   Model_id |
|:---------------------------|-----------:|------------:|---------:|---------:|-----------:|---------------:|------------:|-----------:|
| ('flag', '-2-3-', '-2-7-') |   1        |    1        | 1        | 1        | nan        |       0.981818 |    0.982626 |          0 |
| ('flag', '-2-3-')          |   1        |    1        | 1        | 1        | nan        |       0.963636 |    0.96022  |          1 |
| ('flag', '-2-7-')          |   1        |    1        | 1        | 1        | nan        |       0.945455 |    0.943459 |          2 |
| ('-2-3-', '-2-7-')         |   0.654545 |    0.650952 | 0.654545 | 0.651798 |  -0.299681 |    -inf        | -inf        |          3 |

 Probabilities

|    |   Prob_Class_1 |   Prob_Class_2 |   Prob_Class_3 |   Predicted_Class |   True_Class |
|---:|---------------:|---------------:|---------------:|------------------:|-------------:|
|  0 |   1            |    0           |    0           |                 1 |            1 |
|  1 |   1            |    0           |    0           |                 1 |            1 |
|  2 |   1            |    0           |    0           |                 1 |            1 |
|  3 |   1            |    0           |    0           |                 1 |            1 |
|  4 |   1            |    0           |    0           |                 1 |            1 |
|  5 |   1            |    0           |    0           |                 1 |            1 |
|  6 |   1            |    0           |    0           |                 1 |            1 |
|  7 |   1            |    0           |    0           |                 1 |            1 |
|  8 |   1            |    0           |    0           |                 1 |            1 |
|  9 |   1            |    0           |    0           |                 1 |            1 |
| 10 |   1            |    0           |    0           |                 1 |            1 |
| 11 |   1            |    0           |    0           |                 1 |            1 |
| 12 |   1            |    0           |    0           |                 1 |            1 |
| 13 |   1            |    0           |    0           |                 1 |            1 |
| 14 |   1            |    0           |    0           |                 1 |            1 |
| 15 |   1            |    0           |    0           |                 1 |            1 |
| 16 |   1            |    0           |    0           |                 1 |            1 |
| 17 |   1            |    0           |    0           |                 1 |            1 |
| 18 |   1            |    0           |    0           |                 1 |            1 |
| 19 |   1            |    0           |    0           |                 1 |            1 |
| 20 |   1            |    2.10804e-08 |    0           |                 1 |            1 |
| 21 |   1            |    1.36235e-09 |    0           |                 1 |            1 |
| 22 |   1.23994e-05  |    0.999988    |    0           |                 2 |            2 |
| 23 |   2.21249e-14  |    1           |    0           |                 2 |            2 |
| 24 |   8.45626e-25  |    1           |    0           |                 2 |            2 |
| 25 |   2.65107e-29  |    1           |    0           |                 2 |            2 |
| 26 |   2.85439e-37  |    1           |    0           |                 2 |            2 |
| 27 |   1.84439e-49  |    1           |    0           |                 2 |            2 |
| 28 |   1.90516e-62  |    1           |    0           |                 2 |            2 |
| 29 |   3.38125e-69  |    1           |    0           |                 2 |            2 |
| 30 |   6.49812e-82  |    1           |    0           |                 2 |            2 |
| 31 |   1.18471e-92  |    1           |    0           |                 2 |            2 |
| 32 |   3.70198e-102 |    1           |    0           |                 2 |            2 |
| 33 |   1.08846e-109 |    1           |    0           |                 2 |            2 |
| 34 |   5.25197e-117 |    1           |    0           |                 2 |            2 |
| 35 |   7.54865e-124 |    1           |    0           |                 2 |            2 |
| 36 |   2.38e-135    |    1           |    0           |                 2 |            2 |
| 37 |   1.59407e-147 |    1           |    0           |                 2 |            2 |
| 38 |   3.00826e-151 |    1           |    0           |                 2 |            2 |
| 39 |   3.90436e-165 |    1           |    0           |                 2 |            2 |
| 40 |   6.15625e-175 |    1           |    0           |                 2 |            2 |
| 41 |   7.10735e-178 |    1           |    0           |                 2 |            2 |
| 42 |   4.6588e-193  |    0.999993    |    6.95149e-06 |                 2 |            2 |
| 43 |   2.29589e-193 |    0.999986    |    1.41058e-05 |                 2 |            2 |
| 44 |   7.00966e-203 |    2.16438e-05 |    0.999978    |                 3 |            3 |
| 45 |   2.55323e-209 |    7.88379e-12 |    1           |                 3 |            3 |
| 46 |   4.26687e-224 |    1.31751e-26 |    1           |                 3 |            3 |
| 47 |   1.80288e-227 |    5.56687e-30 |    1           |                 3 |            3 |
| 48 |   4.19833e-242 |    1.29635e-44 |    1           |                 3 |            3 |
| 49 |   1.96336e-249 |    6.06241e-52 |    1           |                 3 |            3 |
| 50 |   4.04164e-257 |    1.24797e-59 |    1           |                 3 |            3 |
| 51 |   5.45306e-267 |    1.68378e-69 |    1           |                 3 |            3 |
| 52 |   1.69399e-268 |    5.23066e-71 |    1           |                 3 |            3 |
| 53 |   4.81719e-284 |    1.48744e-86 |    1           |                 3 |            3 |
| 54 |   9.76762e-284 |    3.01602e-86 |    1           |                 3 |            3 |

Confusion Matrix

[[22  0  0]
 [ 0 22  0]
 [ 0  0 11]]

Precision

[1. 1. 1.]

Recall

[1. 1. 1.]

Accuracy

1.0

Models List

| formula                    |   accuracy |   precision |   recall |       f1 |   mcfaden |   avg_accuracy |      avg_f1 |   Model_id |
|:---------------------------|-----------:|------------:|---------:|---------:|----------:|---------------:|------------:|-----------:|
| ('flag', '-2-3-', '-2-7-') |   1        |    1        | 1        | 1        |  0.999997 |       0.981818 |    0.982626 |          0 |
| ('flag', '-2-3-')          |   1        |    1        | 1        | 1        |  0.999999 |       0.963636 |    0.96022  |          1 |
| ('flag', '-2-7-')          |   1        |    1        | 1        | 1        |  1        |       0.945455 |    0.943459 |          2 |
| ('-2-3-', '-2-7-')         |   0.654545 |    0.650952 | 0.654545 | 0.651798 |  0.334361 |    -inf        | -inf        |          3 |

 Probabilities

|    |   Prob_Class_1 |   Prob_Class_2 |   Prob_Class_3 |   Predicted_Class |   True_Class |
|---:|---------------:|---------------:|---------------:|------------------:|-------------:|
|  0 |   1            |    0           |    0           |                 1 |            1 |
|  1 |   1            |    0           |    0           |                 1 |            1 |
|  2 |   1            |    0           |    0           |                 1 |            1 |
|  3 |   1            |    0           |    0           |                 1 |            1 |
|  4 |   1            |    0           |    0           |                 1 |            1 |
|  5 |   1            |    0           |    0           |                 1 |            1 |
|  6 |   1            |    0           |    0           |                 1 |            1 |
|  7 |   1            |    0           |    0           |                 1 |            1 |
|  8 |   1            |    0           |    0           |                 1 |            1 |
|  9 |   1            |    0           |    0           |                 1 |            1 |
| 10 |   1            |    0           |    0           |                 1 |            1 |
| 11 |   1            |    0           |    0           |                 1 |            1 |
| 12 |   1            |    0           |    0           |                 1 |            1 |
| 13 |   1            |    0           |    0           |                 1 |            1 |
| 14 |   1            |    0           |    0           |                 1 |            1 |
| 15 |   1            |    0           |    0           |                 1 |            1 |
| 16 |   1            |    0           |    0           |                 1 |            1 |
| 17 |   1            |    0           |    0           |                 1 |            1 |
| 18 |   1            |    0           |    0           |                 1 |            1 |
| 19 |   1            |    0           |    0           |                 1 |            1 |
| 20 |   1            |    2.10804e-08 |    0           |                 1 |            1 |
| 21 |   1            |    1.36235e-09 |    0           |                 1 |            1 |
| 22 |   1.23994e-05  |    0.999988    |    0           |                 2 |            2 |
| 23 |   2.21249e-14  |    1           |    0           |                 2 |            2 |
| 24 |   8.45626e-25  |    1           |    0           |                 2 |            2 |
| 25 |   2.65107e-29  |    1           |    0           |                 2 |            2 |
| 26 |   2.85439e-37  |    1           |    0           |                 2 |            2 |
| 27 |   1.84439e-49  |    1           |    0           |                 2 |            2 |
| 28 |   1.90516e-62  |    1           |    0           |                 2 |            2 |
| 29 |   3.38125e-69  |    1           |    0           |                 2 |            2 |
| 30 |   6.49812e-82  |    1           |    0           |                 2 |            2 |
| 31 |   1.18471e-92  |    1           |    0           |                 2 |            2 |
| 32 |   3.70198e-102 |    1           |    0           |                 2 |            2 |
| 33 |   1.08846e-109 |    1           |    0           |                 2 |            2 |
| 34 |   5.25197e-117 |    1           |    0           |                 2 |            2 |
| 35 |   7.54865e-124 |    1           |    0           |                 2 |            2 |
| 36 |   2.38e-135    |    1           |    0           |                 2 |            2 |
| 37 |   1.59407e-147 |    1           |    0           |                 2 |            2 |
| 38 |   3.00826e-151 |    1           |    0           |                 2 |            2 |
| 39 |   3.90436e-165 |    1           |    0           |                 2 |            2 |
| 40 |   6.15625e-175 |    1           |    0           |                 2 |            2 |
| 41 |   7.10735e-178 |    1           |    0           |                 2 |            2 |
| 42 |   4.6588e-193  |    0.999993    |    6.95149e-06 |                 2 |            2 |
| 43 |   2.29589e-193 |    0.999986    |    1.41058e-05 |                 2 |            2 |
| 44 |   7.00966e-203 |    2.16438e-05 |    0.999978    |                 3 |            3 |
| 45 |   2.55323e-209 |    7.88379e-12 |    1           |                 3 |            3 |
| 46 |   4.26687e-224 |    1.31751e-26 |    1           |                 3 |            3 |
| 47 |   1.80288e-227 |    5.56687e-30 |    1           |                 3 |            3 |
| 48 |   4.19833e-242 |    1.29635e-44 |    1           |                 3 |            3 |
| 49 |   1.96336e-249 |    6.06241e-52 |    1           |                 3 |            3 |
| 50 |   4.04164e-257 |    1.24797e-59 |    1           |                 3 |            3 |
| 51 |   5.45306e-267 |    1.68378e-69 |    1           |                 3 |            3 |
| 52 |   1.69399e-268 |    5.23066e-71 |    1           |                 3 |            3 |
| 53 |   4.81719e-284 |    1.48744e-86 |    1           |                 3 |            3 |
| 54 |   9.76762e-284 |    3.01602e-86 |    1           |                 3 |            3 |

Confusion Matrix

[[22  0  0]
 [ 0 22  0]
 [ 0  0 11]]

Precision

[1. 1. 1.]

Recall

[1. 1. 1.]

Accuracy

1.0

Models List

| formula                                            |   accuracy |   precision |   recall |       f1 |   mcfaden |   avg_accuracy |   avg_f1 |   Model_id |
|:---------------------------------------------------|-----------:|------------:|---------:|---------:|----------:|---------------:|---------:|-----------:|
| ('NPA_1_SM', 'dip_x_SM', 'Dist(Hhal,C)_SM')        |   0.916667 |    0.919192 | 0.916667 | 0.916567 |  0.831174 |       0.892857 | 0.900952 |          0 |
| ('para.angle_P', 'NPA_6_SM', 'para_SM')            |   0.888889 |    0.891506 | 0.888889 | 0.887283 |  0.583732 |       0.835714 | 0.857143 |          1 |
| ('B1_1_SM', 'diff_NBO_C_Hhal', 'para_SM')          |   0.833333 |    0.825248 | 0.833333 | 0.818999 |  0.411747 |       0.832143 | 0.82339  |          2 |
| ('L_1_SM', 'NPA_1_SM', 'Dist(Hhal,C)_SM')          |   0.805556 |    0.810606 | 0.805556 | 0.806891 |  0.556879 |       0.832143 | 0.812684 |          3 |
| ('loc.B5_2_SM', 'NPA_1_SM', 'Dist(Hhal,C)_SM')     |   0.861111 |    0.85564  | 0.861111 | 0.857384 |  0.593941 |       0.832143 | 0.812684 |          4 |
| ('NPA_1_SM', 'diff_NBO_C_Hhal', 'Dist(Hhal,C)_SM') |   0.833333 |    0.833736 | 0.833333 | 0.830853 |  0.600771 |       0.832143 | 0.812684 |          5 |
| ('NPA_6_SM', 'NPA_sum_SM', 'para_SM')              |   0.833333 |    0.831884 | 0.833333 | 0.827862 |  0.665899 |       0.832143 | 0.829963 |          6 |
| ('NPA_6_SM', 'Avg_NPA_SM', 'para_SM')              |   0.833333 |    0.831884 | 0.833333 | 0.827862 |  0.665899 |       0.832143 | 0.829963 |          7 |
| ('NPA_1_SM', 'Dist(Hhal,C)_SM', 'fr_amide')        |   0.861111 |    0.85564  | 0.861111 | 0.857384 |  0.639879 |       0.828571 | 0.82381  |         12 |
| ('L_2_SM', 'NPA_1_SM', 'Dist(Hhal,C)_SM')          |   0.805556 |    0.796717 | 0.805556 | 0.800338 |  0.614792 |       0.828571 | 0.810476 |         11 |
| ('loc.B5_1_SM', 'NPA_1_SM', 'Dist(Hhal,C)_SM')     |   0.861111 |    0.85564  | 0.861111 | 0.857384 |  0.704604 |       0.828571 | 0.809841 |         10 |
| ('L_1_SM', 'NPA_5_SM', 'fr_aryl_methyl')           |   0.861111 |    0.850611 | 0.861111 | 0.845514 |  0.436062 |       0.828571 | 0.811746 |          9 |
| ('Dist_(P,C)_P', 'NPA_7_SM', 'para_SM')            |   0.861111 |    0.85564  | 0.861111 | 0.857384 |  0.718689 |       0.828571 | 0.827143 |          8 |
| ('NPA_1_P', 'NPA_6_SM', 'para_SM')                 |   0.888889 |    0.896135 | 0.888889 | 0.886785 |  0.639064 |       0.810714 | 0.814512 |         13 |
| ('NPA_1_P', 'dip_x_P', 'para_SM')                  |   0.805556 |    0.805976 | 0.805556 | 0.804611 |  0.469512 |       0.807143 | 0.803968 |         14 |
| ('NPA_1_P', 'dip_z_P', 'para_SM')                  |   0.861111 |    0.875    | 0.861111 | 0.864522 |  0.470957 |       0.807143 | 0.81585  |         15 |
| ('NPA_1_P', 'Total_P', 'para_SM')                  |   0.861111 |    0.865278 | 0.861111 | 0.862195 |  0.593862 |       0.807143 | 0.816122 |         16 |
| ('NPA_1_P', 'loc.B1_2_SM', 'dip_x_SM')             |   0.833333 |    0.835059 | 0.833333 | 0.831423 |  0.513996 |       0.807143 | 0.792993 |         17 |
| ('NPA_1_P', 'para_SM', 'fr_NH0')                   |   0.833333 |    0.834397 | 0.833333 | 0.831138 |  0.507524 |       0.807143 | 0.806009 |         18 |
| ('NPA_6_SM', 'para_SM', 'fr_C_O')                  |   0.833333 |    0.833736 | 0.833333 | 0.830853 |  0.675725 |       0.807143 | 0.82585  |         19 |

 Probabilities

|    |   Prob_Class_1 |   Prob_Class_2 |   Prob_Class_3 |   Predicted_Class |   True_Class |
|---:|---------------:|---------------:|---------------:|------------------:|-------------:|
|  0 |    0.766781    |      0.23296   |    0.000259221 |                 1 |            1 |
|  1 |    0.800898    |      0.19889   |    0.000211883 |                 1 |            1 |
|  2 |    0.778489    |      0.221268  |    0.000242508 |                 1 |            1 |
|  3 |    0.0732635   |      0.916068  |    0.0106684   |                 2 |            1 |
|  4 |    0.649597    |      0.349943  |    0.000459635 |                 1 |            1 |
|  5 |    0.149118    |      0.846041  |    0.00484085  |                 2 |            1 |
|  6 |    0.96275     |      0.0372174 |    3.29832e-05 |                 1 |            1 |
|  7 |    0.034238    |      0.94228   |    0.0234818   |                 2 |            2 |
|  8 |    0.145536    |      0.849484  |    0.00498019  |                 2 |            2 |
|  9 |    0.00789503  |      0.895345  |    0.0967601   |                 2 |            2 |
| 10 |    0.429819    |      0.569051  |    0.0011296   |                 2 |            2 |
| 11 |    0.175685    |      0.820331  |    0.00398395  |                 2 |            2 |
| 12 |    0.00156915  |      0.646759  |    0.351671    |                 2 |            2 |
| 13 |    0.0210168   |      0.94079   |    0.0381932   |                 2 |            2 |
| 14 |    0.0172324   |      0.936404  |    0.0463637   |                 2 |            2 |
| 15 |    0.0731249   |      0.916185  |    0.01069     |                 2 |            2 |
| 16 |    0.444862    |      0.554076  |    0.00106268  |                 2 |            2 |
| 17 |    0.0645723   |      0.923229  |    0.012199    |                 2 |            2 |
| 18 |    0.00611748  |      0.872231  |    0.121652    |                 2 |            2 |
| 19 |    0.00382143  |      0.814356  |    0.181823    |                 2 |            2 |
| 20 |    0.0936809   |      0.898139  |    0.00817998  |                 2 |            2 |
| 21 |    0.0050111   |      0.850225  |    0.144764    |                 2 |            2 |
| 22 |    0.105434    |      0.887385  |    0.00718111  |                 2 |            2 |
| 23 |    0.279868    |      0.717944  |    0.00218876  |                 2 |            2 |
| 24 |    0.0013783   |      0.6168    |    0.381822    |                 2 |            2 |
| 25 |    0.0416985   |      0.939086  |    0.0192152   |                 2 |            2 |
| 26 |    0.0440455   |      0.937788  |    0.0181662   |                 2 |            2 |
| 27 |    0.804527    |      0.195266  |    0.000207083 |                 1 |            2 |
| 28 |    6.54478e-05 |      0.0712376 |    0.928697    |                 3 |            3 |
| 29 |    6.56651e-05 |      0.0714572 |    0.928477    |                 3 |            3 |
| 30 |    2.14843e-05 |      0.0245613 |    0.975417    |                 3 |            3 |
| 31 |    0.0085804   |      0.901751  |    0.0896683   |                 2 |            3 |
| 32 |    2.11143e-05 |      0.0241485 |    0.97583     |                 3 |            3 |
| 33 |    6.49298e-05 |      0.0707137 |    0.929221    |                 3 |            3 |
| 34 |    0.000299798 |      0.259934  |    0.739766    |                 3 |            3 |
| 35 |    5.50933e-05 |      0.0606513 |    0.939294    |                 3 |            3 |

Confusion Matrix

[[ 5  2  0]
 [ 1 20  0]
 [ 0  1  7]]

Precision

[0.83333333 0.86956522 1.        ]

Recall

[0.71428571 0.95238095 0.875     ]

Accuracy

0.8888888888888888

Models List

| formula                                    |   accuracy |   precision |   recall |       f1 |   mcfaden |   avg_accuracy |   avg_f1 |   Model_id |
|:-------------------------------------------|-----------:|------------:|---------:|---------:|----------:|---------------:|---------:|-----------:|
| ('NPA_1_P', 'NPA_2_P', 'NPA_4_P')          |   0.694444 |    0.799479 | 0.694444 | 0.628314 |  0.349416 |           -inf |     -inf |          0 |
| ('NPA_1_P', 'NPA_2_P', 'NPA_5_P')          |   0.638889 |    0.707176 | 0.638889 | 0.569671 |  0.308481 |           -inf |     -inf |          1 |
| ('NPA_1_P', 'NPA_2_P', 'B5_1_SM')          |   0.666667 |    0.570789 | 0.666667 | 0.590132 |  0.262223 |           -inf |     -inf |         18 |
| ('NPA_1_P', 'NPA_2_P', 'B1_1_SM')          |   0.638889 |    0.675    | 0.638889 | 0.595134 |  0.301174 |           -inf |     -inf |         17 |
| ('NPA_1_P', 'NPA_2_P', 'Aniso.Polar_P')    |   0.611111 |    0.54798  | 0.611111 | 0.518519 |  0.236639 |           -inf |     -inf |         16 |
| ('NPA_1_P', 'NPA_2_P', 'avg_dist_PH')      |   0.777778 |    0.83908  | 0.777778 | 0.740926 |  0.298438 |           -inf |     -inf |         15 |
| ('NPA_1_P', 'NPA_2_P', 'Dist_(P,C)_P')     |   0.722222 |    0.744891 | 0.722222 | 0.688889 |  0.396833 |           -inf |     -inf |         14 |
| ('NPA_1_P', 'NPA_2_P', 'para.angle_P')     |   0.694444 |    0.668981 | 0.694444 | 0.646398 |  0.361175 |           -inf |     -inf |         13 |
| ('NPA_1_P', 'NPA_2_P', 'para_P')           |   0.805556 |    0.854167 | 0.805556 | 0.783249 |  0.350855 |           -inf |     -inf |         12 |
| ('NPA_1_P', 'NPA_2_P', 'cross.angle_P')    |   0.638889 |    0.684028 | 0.638889 | 0.57235  |  0.299644 |           -inf |     -inf |         11 |
| ('NPA_1_P', 'NPA_2_P', 'cross_P')          |   0.611111 |    0.483165 | 0.611111 | 0.509877 |  0.250618 |           -inf |     -inf |         10 |
| ('NPA_1_P', 'NPA_2_P', 'AvG_PH_vib')       |   0.722222 |    0.811828 | 0.722222 | 0.676709 |  0.258818 |           -inf |     -inf |          9 |
| ('NPA_1_P', 'NPA_2_P', 'min_PH_vib')       |   0.666667 |    0.787879 | 0.666667 | 0.591204 |  0.247801 |           -inf |     -inf |          8 |
| ('NPA_1_P', 'NPA_2_P', 'max_PH_vib')       |   0.722222 |    0.780077 | 0.722222 | 0.685185 |  0.273693 |           -inf |     -inf |          7 |
| ('NPA_1_P', 'NPA_2_P', 'Total_P')          |   0.638889 |    0.625855 | 0.638889 | 0.619992 |  0.334507 |           -inf |     -inf |          6 |
| ('NPA_1_P', 'NPA_2_P', 'dip_z_P')          |   0.666667 |    0.5319   | 0.666667 | 0.578348 |  0.310372 |           -inf |     -inf |          5 |
| ('NPA_1_P', 'NPA_2_P', 'dip_y_P')          |   0.638889 |    0.697222 | 0.638889 | 0.585816 |  0.351421 |           -inf |     -inf |          4 |
| ('NPA_1_P', 'NPA_2_P', 'dip_x_P')          |   0.583333 |    0.540799 | 0.583333 | 0.504659 |  0.273683 |           -inf |     -inf |          3 |
| ('NPA_1_P', 'NPA_2_P', 'NPA_Avg_H_onPhos') |   0.75     |    0.825    | 0.75     | 0.718271 |  0.346544 |           -inf |     -inf |          2 |
| ('NPA_1_P', 'NPA_2_P', 'L_1_SM')           |   0.75     |    0.825    | 0.75     | 0.718271 |  0.37821  |           -inf |     -inf |         19 |

 Probabilities

|    |   Prob_Class_1 |   Prob_Class_2 |   Prob_Class_3 |   Predicted_Class |   True_Class |
|---:|---------------:|---------------:|---------------:|------------------:|-------------:|
|  0 |     0.987235   |      0.0102575 |    0.00250786  |                 1 |            1 |
|  1 |     0.276122   |      0.565448  |    0.15843     |                 2 |            1 |
|  2 |     0.409558   |      0.424365  |    0.166077    |                 2 |            1 |
|  3 |     0.875334   |      0.0719839 |    0.0526822   |                 1 |            1 |
|  4 |     0.901895   |      0.0571039 |    0.0410015   |                 1 |            1 |
|  5 |     0.0718999  |      0.682489  |    0.245611    |                 2 |            1 |
|  6 |     0.314883   |      0.547489  |    0.137627    |                 2 |            1 |
|  7 |     0.193729   |      0.600615  |    0.205655    |                 2 |            2 |
|  8 |     0.273228   |      0.541687  |    0.185085    |                 2 |            2 |
|  9 |     0.176594   |      0.549263  |    0.274143    |                 2 |            2 |
| 10 |     0.0763744  |      0.667795  |    0.255831    |                 2 |            2 |
| 11 |     0.170482   |      0.603003  |    0.226515    |                 2 |            2 |
| 12 |     0.00493477 |      0.585809  |    0.409256    |                 2 |            2 |
| 13 |     0.00736064 |      0.662374  |    0.330266    |                 2 |            2 |
| 14 |     0.00451118 |      0.995449  |    3.95781e-05 |                 2 |            2 |
| 15 |     0.16161    |      0.555791  |    0.282598    |                 2 |            2 |
| 16 |     0.125692   |      0.642611  |    0.231696    |                 2 |            2 |
| 17 |     0.175049   |      0.540748  |    0.284203    |                 2 |            2 |
| 18 |     0.100155   |      0.898628  |    0.00121711  |                 2 |            2 |
| 19 |     0.0477959  |      0.945063  |    0.00714098  |                 2 |            2 |
| 20 |     0.137213   |      0.66057   |    0.202217    |                 2 |            2 |
| 21 |     0.113706   |      0.630219  |    0.256075    |                 2 |            2 |
| 22 |     0.198651   |      0.601258  |    0.200091    |                 2 |            2 |
| 23 |     0.080437   |      0.642026  |    0.277537    |                 2 |            2 |
| 24 |     0.136379   |      0.60699   |    0.256631    |                 2 |            2 |
| 25 |     0.0158749  |      0.980231  |    0.00389429  |                 2 |            2 |
| 26 |     0.00737325 |      0.992259  |    0.00036788  |                 2 |            2 |
| 27 |     0.230396   |      0.569614  |    0.19999     |                 2 |            2 |
| 28 |     0.129394   |      0.549802  |    0.320804    |                 2 |            3 |
| 29 |     0.126665   |      0.559625  |    0.31371     |                 2 |            3 |
| 30 |     0.109493   |      0.56788   |    0.322627    |                 2 |            3 |
| 31 |     0.0267649  |      0.110587  |    0.862648    |                 3 |            3 |
| 32 |     0.0598096  |      0.620056  |    0.320134    |                 2 |            3 |
| 33 |     0.0619575  |      0.648318  |    0.289725    |                 2 |            3 |
| 34 |     0.0998879  |      0.563589  |    0.336523    |                 2 |            3 |
| 35 |     0.111625   |      0.549551  |    0.338824    |                 2 |            3 |

Confusion Matrix

[[ 3  4  0]
 [ 0 21  0]
 [ 0  7  1]]

Precision

[1.      0.65625 1.     ]

Recall

[0.42857143 1.         0.125     ]

Accuracy

0.6944444444444444

Models List

| formula                                        |   accuracy |   precision |   recall |       f1 |   mcfaden |   avg_accuracy |      avg_f1 |   Model_id |
|:-----------------------------------------------|-----------:|------------:|---------:|---------:|----------:|---------------:|------------:|-----------:|
| ('NPA_1_SM', 'dip_x_SM', 'Dist(Hhal,C)_SM')    |   0.916667 |    0.919192 | 0.916667 | 0.916567 |  0.831174 |       0.892857 |    0.900952 |          0 |
| ('loc.B5_1_SM', 'NPA_1_SM', 'Dist(Hhal,C)_SM') |   0.861111 |    0.85564  | 0.861111 | 0.857384 |  0.704604 |       0.828571 |    0.809841 |          2 |
| ('Dist_(P,C)_P', 'NPA_7_SM', 'para_SM')        |   0.861111 |    0.85564  | 0.861111 | 0.857384 |  0.718689 |       0.828571 |    0.827143 |          1 |
| ('para_P', 'NPA_6_SM', 'NPA_sum_SM')           |   0.916667 |    0.914562 | 0.916667 | 0.914431 |  0.785293 |       0.803571 |    0.809351 |          3 |
| ('para_P', 'NPA_6_SM', 'Avg_NPA_SM')           |   0.916667 |    0.914562 | 0.916667 | 0.914431 |  0.785293 |       0.803571 |    0.809351 |          4 |
| ('NPA_1_P', 'NPA_2_P', 'max_PH_vib')           |   0.583333 |    0.553704 | 0.583333 | 0.529947 |  0.16638  |    -inf        | -inf        |         12 |
| ('NPA_1_P', 'NPA_2_P', 'para.angle_P')         |   0.583333 |    0.553704 | 0.583333 | 0.529947 |  0.166432 |    -inf        | -inf        |         18 |
| ('NPA_1_P', 'NPA_2_P', 'para_P')               |   0.694444 |    0.709402 | 0.694444 | 0.683461 |  0.300157 |    -inf        | -inf        |         17 |
| ('NPA_1_P', 'NPA_2_P', 'cross.angle_P')        |   0.583333 |    0.553704 | 0.583333 | 0.529947 |  0.180812 |    -inf        | -inf        |         16 |
| ('NPA_1_P', 'NPA_2_P', 'cross_P')              |   0.583333 |    0.544907 | 0.583333 | 0.542388 |  0.174611 |    -inf        | -inf        |         15 |
| ('NPA_1_P', 'NPA_2_P', 'AvG_PH_vib')           |   0.611111 |    0.60281  | 0.611111 | 0.571852 |  0.179397 |    -inf        | -inf        |         14 |
| ('NPA_1_P', 'NPA_2_P', 'min_PH_vib')           |   0.611111 |    0.595062 | 0.611111 | 0.584491 |  0.195852 |    -inf        | -inf        |         13 |
| ('NPA_1_P', 'NPA_2_P', 'dip_z_P')              |   0.638889 |    0.631944 | 0.638889 | 0.608706 |  0.221902 |    -inf        | -inf        |         10 |
| ('NPA_1_P', 'NPA_2_P', 'Total_P')              |   0.611111 |    0.608025 | 0.611111 | 0.58621  |  0.295496 |    -inf        | -inf        |         11 |
| ('NPA_1_P', 'NPA_2_P', 'dip_y_P')              |   0.583333 |    0.570085 | 0.583333 | 0.564542 |  0.258385 |    -inf        | -inf        |          9 |
| ('NPA_1_P', 'NPA_2_P', 'dip_x_P')              |   0.611111 |    0.602006 | 0.611111 | 0.587631 |  0.245927 |    -inf        | -inf        |          8 |
| ('NPA_1_P', 'NPA_2_P', 'NPA_Avg_H_onPhos')     |   0.666667 |    0.672222 | 0.666667 | 0.645833 |  0.350646 |    -inf        | -inf        |          7 |
| ('NPA_1_P', 'NPA_2_P', 'NPA_5_P')              |   0.638889 |    0.626781 | 0.638889 | 0.619677 |  0.242703 |    -inf        | -inf        |          6 |
| ('NPA_1_P', 'NPA_2_P', 'NPA_4_P')              |   0.611111 |    0.551971 | 0.611111 | 0.542949 |  0.188421 |    -inf        | -inf        |          5 |
| ('NPA_1_P', 'NPA_2_P', 'Dist_(P,C)_P')         |   0.722222 |    0.727407 | 0.722222 | 0.712932 |  0.382258 |    -inf        | -inf        |         19 |

 Probabilities

|    |   Prob_Class_1 |   Prob_Class_2 |   Prob_Class_3 |   Predicted_Class |   True_Class |
|---:|---------------:|---------------:|---------------:|------------------:|-------------:|
|  0 |    0.999993    |    6.79815e-06 |    9.98979e-13 |                 1 |            1 |
|  1 |    0.755421    |    0.244579    |    4.75751e-08 |                 1 |            1 |
|  2 |    0.976435    |    0.023565    |    3.54629e-09 |                 1 |            1 |
|  3 |    0.989202    |    0.0107985   |    1.60408e-09 |                 1 |            1 |
|  4 |    0.487584    |    0.512416    |    1.54427e-07 |                 2 |            1 |
|  5 |    1           |    3.77777e-07 |    5.55112e-14 |                 1 |            1 |
|  6 |    0.999713    |    0.000287393 |    4.22427e-11 |                 1 |            1 |
|  7 |    0.000161368 |    0.998929    |    0.000909633 |                 2 |            2 |
|  8 |    0.0523745   |    0.947623    |    2.65867e-06 |                 2 |            2 |
|  9 |    0.0208151   |    0.979178    |    6.91247e-06 |                 2 |            2 |
| 10 |    3.8096e-06  |    0.962857    |    0.0371391   |                 2 |            2 |
| 11 |    0.09037     |    0.909628    |    1.47907e-06 |                 2 |            2 |
| 12 |    0.351871    |    0.648129    |    2.70662e-07 |                 2 |            2 |
| 13 |    0.000208279 |    0.999087    |    0.000704868 |                 2 |            2 |
| 14 |    6.94637e-06 |    0.979277    |    0.0207156   |                 2 |            2 |
| 15 |    2.59017e-05 |    0.994333    |    0.00564096  |                 2 |            2 |
| 16 |    5.35272e-05 |    0.997209    |    0.00273754  |                 2 |            2 |
| 17 |    4.32014e-08 |    0.227203    |    0.772797    |                 3 |            2 |
| 18 |    0.232838    |    0.767161    |    4.84153e-07 |                 2 |            2 |
| 19 |    0.0405667   |    0.95943     |    3.47531e-06 |                 2 |            2 |
| 20 |    0.000279426 |    0.999195    |    0.000525452 |                 2 |            2 |
| 21 |    1.93415e-05 |    0.992441    |    0.00753988  |                 2 |            2 |
| 22 |    9.58857e-05 |    0.998374    |    0.00152999  |                 2 |            2 |
| 23 |    0.00176011  |    0.998157    |    8.33313e-05 |                 2 |            2 |
| 24 |    0.000159177 |    0.998919    |    0.000922147 |                 2 |            2 |
| 25 |    1.80285e-06 |    0.924635    |    0.0753633   |                 2 |            2 |
| 26 |    4.57521e-05 |    0.996753    |    0.0032013   |                 2 |            2 |
| 27 |    1.38021e-06 |    0.903778    |    0.0962203   |                 2 |            2 |
| 28 |    4.86224e-12 |    3.30881e-05 |    0.999967    |                 3 |            3 |
| 29 |    7.0157e-11  |    0.000477215 |    0.999523    |                 3 |            3 |
| 30 |    9.69756e-10 |    0.00655626  |    0.993444    |                 3 |            3 |
| 31 |    9.58533e-07 |    0.867076    |    0.132923    |                 2 |            3 |
| 32 |    2.31537e-08 |    0.136121    |    0.863879    |                 3 |            3 |
| 33 |    1.86543e-09 |    0.0125358   |    0.987464    |                 3 |            3 |
| 34 |    1.67342e-11 |    0.000113869 |    0.999886    |                 3 |            3 |
| 35 |    4.61929e-10 |    0.00313374  |    0.996866    |                 3 |            3 |

Confusion Matrix

[[ 6  1  0]
 [ 0 20  1]
 [ 0  1  7]]

Precision

[1.         0.90909091 0.875     ]

Recall

[0.85714286 0.95238095 0.875     ]

Accuracy

0.9166666666666666

Models List

| formula                                        |   accuracy |   precision |   recall |       f1 |   mcfaden |   avg_accuracy |      avg_f1 |   Model_id |
|:-----------------------------------------------|-----------:|------------:|---------:|---------:|----------:|---------------:|------------:|-----------:|
| ('NPA_1_SM', 'dip_x_SM', 'Dist(Hhal,C)_SM')    |   0.916667 |    0.919192 | 0.916667 | 0.916567 |  0.831174 |       0.892857 |    0.900952 |          0 |
| ('loc.B5_1_SM', 'NPA_1_SM', 'Dist(Hhal,C)_SM') |   0.861111 |    0.85564  | 0.861111 | 0.857384 |  0.704604 |       0.828571 |    0.809841 |          2 |
| ('Dist_(P,C)_P', 'NPA_7_SM', 'para_SM')        |   0.861111 |    0.85564  | 0.861111 | 0.857384 |  0.718689 |       0.828571 |    0.827143 |          1 |
| ('para_P', 'NPA_6_SM', 'NPA_sum_SM')           |   0.916667 |    0.914562 | 0.916667 | 0.914431 |  0.785293 |       0.803571 |    0.809351 |          3 |
| ('para_P', 'NPA_6_SM', 'Avg_NPA_SM')           |   0.916667 |    0.914562 | 0.916667 | 0.914431 |  0.785293 |       0.803571 |    0.809351 |          4 |
| ('NPA_1_P', 'NPA_2_P', 'max_PH_vib')           |   0.583333 |    0.553704 | 0.583333 | 0.529947 |  0.16638  |    -inf        | -inf        |         12 |
| ('NPA_1_P', 'NPA_2_P', 'para.angle_P')         |   0.583333 |    0.553704 | 0.583333 | 0.529947 |  0.166432 |    -inf        | -inf        |         18 |
| ('NPA_1_P', 'NPA_2_P', 'para_P')               |   0.694444 |    0.709402 | 0.694444 | 0.683461 |  0.300157 |    -inf        | -inf        |         17 |
| ('NPA_1_P', 'NPA_2_P', 'cross.angle_P')        |   0.583333 |    0.553704 | 0.583333 | 0.529947 |  0.180812 |    -inf        | -inf        |         16 |
| ('NPA_1_P', 'NPA_2_P', 'cross_P')              |   0.583333 |    0.544907 | 0.583333 | 0.542388 |  0.174611 |    -inf        | -inf        |         15 |
| ('NPA_1_P', 'NPA_2_P', 'AvG_PH_vib')           |   0.611111 |    0.60281  | 0.611111 | 0.571852 |  0.179397 |    -inf        | -inf        |         14 |
| ('NPA_1_P', 'NPA_2_P', 'min_PH_vib')           |   0.611111 |    0.595062 | 0.611111 | 0.584491 |  0.195852 |    -inf        | -inf        |         13 |
| ('NPA_1_P', 'NPA_2_P', 'dip_z_P')              |   0.638889 |    0.631944 | 0.638889 | 0.608706 |  0.221902 |    -inf        | -inf        |         10 |
| ('NPA_1_P', 'NPA_2_P', 'Total_P')              |   0.611111 |    0.608025 | 0.611111 | 0.58621  |  0.295496 |    -inf        | -inf        |         11 |
| ('NPA_1_P', 'NPA_2_P', 'dip_y_P')              |   0.583333 |    0.570085 | 0.583333 | 0.564542 |  0.258385 |    -inf        | -inf        |          9 |
| ('NPA_1_P', 'NPA_2_P', 'dip_x_P')              |   0.611111 |    0.602006 | 0.611111 | 0.587631 |  0.245927 |    -inf        | -inf        |          8 |
| ('NPA_1_P', 'NPA_2_P', 'NPA_Avg_H_onPhos')     |   0.666667 |    0.672222 | 0.666667 | 0.645833 |  0.350646 |    -inf        | -inf        |          7 |
| ('NPA_1_P', 'NPA_2_P', 'NPA_5_P')              |   0.638889 |    0.626781 | 0.638889 | 0.619677 |  0.242703 |    -inf        | -inf        |          6 |
| ('NPA_1_P', 'NPA_2_P', 'NPA_4_P')              |   0.611111 |    0.551971 | 0.611111 | 0.542949 |  0.188421 |    -inf        | -inf        |          5 |
| ('NPA_1_P', 'NPA_2_P', 'Dist_(P,C)_P')         |   0.722222 |    0.727407 | 0.722222 | 0.712932 |  0.382258 |    -inf        | -inf        |         19 |

 Probabilities

|    |   Prob_Class_1 |   Prob_Class_2 |   Prob_Class_3 |   Predicted_Class |   True_Class |
|---:|---------------:|---------------:|---------------:|------------------:|-------------:|
|  0 |    0.999993    |    6.79815e-06 |    9.98979e-13 |                 1 |            1 |
|  1 |    0.755421    |    0.244579    |    4.75751e-08 |                 1 |            1 |
|  2 |    0.976435    |    0.023565    |    3.54629e-09 |                 1 |            1 |
|  3 |    0.989202    |    0.0107985   |    1.60408e-09 |                 1 |            1 |
|  4 |    0.487584    |    0.512416    |    1.54427e-07 |                 2 |            1 |
|  5 |    1           |    3.77777e-07 |    5.55112e-14 |                 1 |            1 |
|  6 |    0.999713    |    0.000287393 |    4.22427e-11 |                 1 |            1 |
|  7 |    0.000161368 |    0.998929    |    0.000909633 |                 2 |            2 |
|  8 |    0.0523745   |    0.947623    |    2.65867e-06 |                 2 |            2 |
|  9 |    0.0208151   |    0.979178    |    6.91247e-06 |                 2 |            2 |
| 10 |    3.8096e-06  |    0.962857    |    0.0371391   |                 2 |            2 |
| 11 |    0.09037     |    0.909628    |    1.47907e-06 |                 2 |            2 |
| 12 |    0.351871    |    0.648129    |    2.70662e-07 |                 2 |            2 |
| 13 |    0.000208279 |    0.999087    |    0.000704868 |                 2 |            2 |
| 14 |    6.94637e-06 |    0.979277    |    0.0207156   |                 2 |            2 |
| 15 |    2.59017e-05 |    0.994333    |    0.00564096  |                 2 |            2 |
| 16 |    5.35272e-05 |    0.997209    |    0.00273754  |                 2 |            2 |
| 17 |    4.32014e-08 |    0.227203    |    0.772797    |                 3 |            2 |
| 18 |    0.232838    |    0.767161    |    4.84153e-07 |                 2 |            2 |
| 19 |    0.0405667   |    0.95943     |    3.47531e-06 |                 2 |            2 |
| 20 |    0.000279426 |    0.999195    |    0.000525452 |                 2 |            2 |
| 21 |    1.93415e-05 |    0.992441    |    0.00753988  |                 2 |            2 |
| 22 |    9.58857e-05 |    0.998374    |    0.00152999  |                 2 |            2 |
| 23 |    0.00176011  |    0.998157    |    8.33313e-05 |                 2 |            2 |
| 24 |    0.000159177 |    0.998919    |    0.000922147 |                 2 |            2 |
| 25 |    1.80285e-06 |    0.924635    |    0.0753633   |                 2 |            2 |
| 26 |    4.57521e-05 |    0.996753    |    0.0032013   |                 2 |            2 |
| 27 |    1.38021e-06 |    0.903778    |    0.0962203   |                 2 |            2 |
| 28 |    4.86224e-12 |    3.30881e-05 |    0.999967    |                 3 |            3 |
| 29 |    7.0157e-11  |    0.000477215 |    0.999523    |                 3 |            3 |
| 30 |    9.69756e-10 |    0.00655626  |    0.993444    |                 3 |            3 |
| 31 |    9.58533e-07 |    0.867076    |    0.132923    |                 2 |            3 |
| 32 |    2.31537e-08 |    0.136121    |    0.863879    |                 3 |            3 |
| 33 |    1.86543e-09 |    0.0125358   |    0.987464    |                 3 |            3 |
| 34 |    1.67342e-11 |    0.000113869 |    0.999886    |                 3 |            3 |
| 35 |    4.61929e-10 |    0.00313374  |    0.996866    |                 3 |            3 |

Confusion Matrix

[[ 6  1  0]
 [ 0 20  1]
 [ 0  1  7]]

Precision

[1.         0.90909091 0.875     ]

Recall

[0.85714286 0.95238095 0.875     ]

Accuracy

0.9166666666666666

