Models List

| formula                    |   accuracy |   precision |   recall |       f1 |   avg_accuracy |      avg_f1 |   Model_id |
|:---------------------------|-----------:|------------:|---------:|---------:|---------------:|------------:|-----------:|
| ('flag', '-2-3-')          |   0.927273 |    0.931818 | 0.927273 | 0.927988 |       0.909091 |    0.905952 |          0 |
| ('flag', '-2-3-', '-2-7-') |   0.945455 |    0.947036 | 0.945455 | 0.945849 |       0.909091 |    0.90624  |          1 |
| ('flag', '-2-7-')          |   0.963636 |    0.965152 | 0.963636 | 0.96382  |       0.890909 |    0.871515 |          2 |
| ('-2-3-', '-2-7-')         |   0.672727 |    0.670256 | 0.672727 | 0.667619 |    -inf        | -inf        |          3 |

 Probabilities

|    |   Prob_Class_1 |   Prob_Class_2 |   Prob_Class_3 |   Predicted_Class |   True_Class |
|---:|---------------:|---------------:|---------------:|------------------:|-------------:|
|  0 |    0.973703    |      0.0262048 |    9.27053e-05 |                 1 |            1 |
|  1 |    0.983466    |      0.0165225 |    1.1332e-05  |                 1 |            1 |
|  2 |    0.98048     |      0.0195051 |    1.47779e-05 |                 1 |            1 |
|  3 |    0.980185    |      0.0198042 |    1.09214e-05 |                 1 |            1 |
|  4 |    0.973286    |      0.0266902 |    2.35614e-05 |                 1 |            1 |
|  5 |    0.965937    |      0.0340212 |    4.13779e-05 |                 1 |            1 |
|  6 |    0.960538    |      0.0394111 |    5.06519e-05 |                 1 |            1 |
|  7 |    0.955836    |      0.0441091 |    5.44472e-05 |                 1 |            1 |
|  8 |    0.935154    |      0.0646789 |    0.000167347 |                 1 |            1 |
|  9 |    0.918558    |      0.0811573 |    0.000285083 |                 1 |            1 |
| 10 |    0.930979    |      0.0689168 |    0.000104438 |                 1 |            1 |
| 11 |    0.885307    |      0.114148  |    0.000545471 |                 1 |            1 |
| 12 |    0.877644    |      0.121859  |    0.000496976 |                 1 |            1 |
| 13 |    0.877939    |      0.121716  |    0.000344963 |                 1 |            1 |
| 14 |    0.867757    |      0.131908  |    0.000335074 |                 1 |            1 |
| 15 |    0.856117    |      0.143551  |    0.0003322   |                 1 |            1 |
| 16 |    0.832133    |      0.167424  |    0.000443703 |                 1 |            1 |
| 17 |    0.755358    |      0.243032  |    0.00161015  |                 1 |            1 |
| 18 |    0.678976    |      0.316992  |    0.00403148  |                 1 |            1 |
| 19 |    0.480393    |      0.484673  |    0.0349336   |                 2 |            1 |
| 20 |    0.656964    |      0.340243  |    0.00279346  |                 1 |            1 |
| 21 |    0.327586    |      0.57908   |    0.0933336   |                 2 |            1 |
| 22 |    0.421558    |      0.55114   |    0.0273024   |                 2 |            2 |
| 23 |    0.368295    |      0.595116  |    0.0365892   |                 2 |            2 |
| 24 |    0.361704    |      0.609067  |    0.0292296   |                 2 |            2 |
| 25 |    0.206872    |      0.664424  |    0.128703    |                 2 |            2 |
| 26 |    0.151901    |      0.653068  |    0.195031    |                 2 |            2 |
| 27 |    0.189731    |      0.709221  |    0.101048    |                 2 |            2 |
| 28 |    0.240428    |      0.720326  |    0.0392466   |                 2 |            2 |
| 29 |    0.164561    |      0.747399  |    0.0880391   |                 2 |            2 |
| 30 |    0.203104    |      0.759998  |    0.0368974   |                 2 |            2 |
| 31 |    0.203909    |      0.769424  |    0.0266666   |                 2 |            2 |
| 32 |    0.182913    |      0.789564  |    0.0275233   |                 2 |            2 |
| 33 |    0.134984    |      0.815539  |    0.0494768   |                 2 |            2 |
| 34 |    0.0942211   |      0.814485  |    0.0912937   |                 2 |            2 |
| 35 |    0.0586539   |      0.761458  |    0.179888    |                 2 |            2 |
| 36 |    0.0677375   |      0.820319  |    0.111944    |                 2 |            2 |
| 37 |    0.081728    |      0.861913  |    0.0563591   |                 2 |            2 |
| 38 |    0.0334188   |      0.727982  |    0.238599    |                 2 |            2 |
| 39 |    0.0541201   |      0.861784  |    0.0840962   |                 2 |            2 |
| 40 |    0.0493382   |      0.871867  |    0.078795    |                 2 |            2 |
| 41 |    0.0159102   |      0.629356  |    0.354734    |                 2 |            2 |
| 42 |    0.0341405   |      0.86465   |    0.101209    |                 2 |            2 |
| 43 |    0.00532939  |      0.395334  |    0.599337    |                 3 |            2 |
| 44 |    0.00465824  |      0.394889  |    0.600453    |                 3 |            3 |
| 45 |    0.00164105  |      0.217728  |    0.780631    |                 3 |            3 |
| 46 |    0.00612134  |      0.542043  |    0.451836    |                 2 |            3 |
| 47 |    0.000940267 |      0.178244  |    0.820816    |                 3 |            3 |
| 48 |    0.00367001  |      0.471216  |    0.525114    |                 3 |            3 |
| 49 |    0.00178337  |      0.327162  |    0.671055    |                 3 |            3 |
| 50 |    0.000894485 |      0.22607   |    0.773036    |                 3 |            3 |
| 51 |    0.0008732   |      0.243224  |    0.755903    |                 3 |            3 |
| 52 |    4.64416e-05 |      0.0335141 |    0.966439    |                 3 |            3 |
| 53 |    0.000350037 |      0.155842  |    0.843808    |                 3 |            3 |
| 54 |    8.55538e-06 |      0.0118794 |    0.988112    |                 3 |            3 |

Confusion Matrix

[[20  2  0]
 [ 0 21  1]
 [ 0  1 10]]

Precision

[1.         0.875      0.90909091]

Recall

[0.90909091 0.95454545 0.90909091]

Accuracy

0.9272727272727272

