Models List

| formula                    |   accuracy |   precision |   recall |       f1 |   mcfaden |   avg_accuracy |     avg_f1 |   Model_id |
|:---------------------------|-----------:|------------:|---------:|---------:|----------:|---------------:|-----------:|-----------:|
| ('flag', '-2-7-')          |   0.961538 |    0.963141 | 0.961538 | 0.961697 |  0.621834 |       0.925455 |   0.926073 |          2 |
| ('flag', '-2-3-')          |   0.923077 |    0.927885 | 0.923077 | 0.923681 |  0.645333 |       0.903636 |   0.90389  |          0 |
| ('flag', '-2-3-', '-2-7-') |   0.942308 |    0.94398  | 0.942308 | 0.942689 |  0.630286 |       0.867273 |   0.861808 |          1 |
| ('-2-3-', '-2-7-')         |   0.653846 |    0.65432  | 0.653846 | 0.649817 |  0.296204 |     nan        | nan        |          3 |

 Probabilities

|    |   Prob_Class_1 |   Prob_Class_2 |   Prob_Class_3 |   Predicted_Class |   True_Class |
|---:|---------------:|---------------:|---------------:|------------------:|-------------:|
|  0 |    0.944507    |      0.0553662 |    0.000126631 |                 1 |            1 |
|  1 |    0.969793    |      0.0301459 |    6.11992e-05 |                 1 |            1 |
|  2 |    0.960964    |      0.0389403 |    9.52765e-05 |                 1 |            1 |
|  3 |    0.959074    |      0.0408166 |    0.000109849 |                 1 |            1 |
|  4 |    0.941454    |      0.0583321 |    0.0002136   |                 1 |            1 |
|  5 |    0.924066    |      0.0755732 |    0.000361234 |                 1 |            1 |
|  6 |    0.91713     |      0.0824278 |    0.000441769 |                 1 |            1 |
|  7 |    0.888952    |      0.110318  |    0.000730138 |                 1 |            1 |
|  8 |    0.899239    |      0.10008   |    0.000681506 |                 1 |            1 |
|  9 |    0.861308    |      0.137517  |    0.00117527  |                 1 |            1 |
| 10 |    0.844965    |      0.153541  |    0.00149327  |                 1 |            1 |
| 11 |    0.811145    |      0.186693  |    0.00216184  |                 1 |            1 |
| 12 |    0.790442    |      0.206834  |    0.0027243   |                 1 |            1 |
| 13 |    0.746117    |      0.249945  |    0.00393753  |                 1 |            1 |
| 14 |    0.737824    |      0.257724  |    0.0044523   |                 1 |            1 |
| 15 |    0.456579    |      0.527152  |    0.0162681   |                 2 |            1 |
| 16 |    0.612612    |      0.377755  |    0.00963325  |                 1 |            1 |
| 17 |    0.654614    |      0.336814  |    0.00857177  |                 1 |            1 |
| 18 |    0.569292    |      0.417413  |    0.0132946   |                 1 |            1 |
| 19 |    0.269117    |      0.690627  |    0.0402564   |                 2 |            2 |
| 20 |    0.226389    |      0.723734  |    0.0498768   |                 2 |            2 |
| 21 |    0.271966    |      0.682309  |    0.0457248   |                 2 |            2 |
| 22 |    0.213377    |      0.726892  |    0.0597311   |                 2 |            2 |
| 23 |    0.155665    |      0.765221  |    0.0791137   |                 2 |            2 |
| 24 |    0.242985    |      0.695398  |    0.0616171   |                 2 |            2 |
| 25 |    0.09407     |      0.78755   |    0.11838     |                 2 |            2 |
| 26 |    0.105651    |      0.775545  |    0.118804    |                 2 |            2 |
| 27 |    0.281553    |      0.652339  |    0.0661072   |                 2 |            2 |
| 28 |    0.276831    |      0.651557  |    0.0716118   |                 2 |            2 |
| 29 |    0.195148    |      0.70482   |    0.100032    |                 2 |            2 |
| 30 |    0.174954    |      0.710811  |    0.114236    |                 2 |            2 |
| 31 |    0.160613    |      0.711581  |    0.127806    |                 2 |            2 |
| 32 |    0.147261    |      0.71027   |    0.14247     |                 2 |            2 |
| 33 |    0.125008    |      0.710432  |    0.16456     |                 2 |            2 |
| 34 |    0.0944119   |      0.707225  |    0.198363    |                 2 |            2 |
| 35 |    0.028873    |      0.654922  |    0.316205    |                 2 |            2 |
| 36 |    0.0577581   |      0.676282  |    0.265959    |                 2 |            2 |
| 37 |    0.0539827   |      0.660754  |    0.285264    |                 2 |            2 |
| 38 |    0.0206546   |      0.588261  |    0.391084    |                 2 |            2 |
| 39 |    0.0373784   |      0.61409   |    0.348532    |                 2 |            2 |
| 40 |    0.00864371  |      0.488156  |    0.5032      |                 3 |            2 |
| 41 |    0.00792461  |      0.465855  |    0.526221    |                 3 |            3 |
| 42 |    0.00469996  |      0.408582  |    0.586718    |                 3 |            3 |
| 43 |    0.0036846   |      0.375344  |    0.620971    |                 3 |            3 |
| 44 |    0.00278981  |      0.340921  |    0.656289    |                 3 |            3 |
| 45 |    0.0114124   |      0.435854  |    0.552734    |                 3 |            3 |
| 46 |    0.00616931  |      0.373568  |    0.620262    |                 3 |            3 |
| 47 |    0.00150028  |      0.262592  |    0.735908    |                 3 |            3 |
| 48 |    0.00564544  |      0.340155  |    0.6542      |                 3 |            3 |
| 49 |    0.000511779 |      0.184539  |    0.814949    |                 3 |            3 |
| 50 |    0.00598793  |      0.318752  |    0.67526     |                 3 |            3 |
| 51 |    0.00306908  |      0.262952  |    0.733979    |                 3 |            3 |

Confusion Matrix

[[18  1  0]
 [ 0 21  1]
 [ 0  0 11]]

Precision

[1.         0.95454545 0.91666667]

Recall

[0.94736842 0.95454545 1.        ]

Accuracy

0.9615384615384616

Models List

| formula                    |   accuracy |   precision |   recall |       f1 |   mcfaden |   avg_accuracy |     avg_f1 |   Model_id |
|:---------------------------|-----------:|------------:|---------:|---------:|----------:|---------------:|-----------:|-----------:|
| ('flag', '-2-7-')          |   0.961538 |    0.963141 | 0.961538 | 0.961697 |  0.621834 |       0.925455 |   0.926073 |          2 |
| ('flag', '-2-3-')          |   0.923077 |    0.927885 | 0.923077 | 0.923681 |  0.645333 |       0.903636 |   0.90389  |          0 |
| ('flag', '-2-3-', '-2-7-') |   0.942308 |    0.94398  | 0.942308 | 0.942689 |  0.630286 |       0.867273 |   0.861808 |          1 |
| ('-2-3-', '-2-7-')         |   0.653846 |    0.65432  | 0.653846 | 0.649817 |  0.296204 |     nan        | nan        |          3 |

 Probabilities

|    |   Prob_Class_1 |   Prob_Class_2 |   Prob_Class_3 |   Predicted_Class |   True_Class |
|---:|---------------:|---------------:|---------------:|------------------:|-------------:|
|  0 |    0.944507    |      0.0553662 |    0.000126631 |                 1 |            1 |
|  1 |    0.969793    |      0.0301459 |    6.11992e-05 |                 1 |            1 |
|  2 |    0.960964    |      0.0389403 |    9.52765e-05 |                 1 |            1 |
|  3 |    0.959074    |      0.0408166 |    0.000109849 |                 1 |            1 |
|  4 |    0.941454    |      0.0583321 |    0.0002136   |                 1 |            1 |
|  5 |    0.924066    |      0.0755732 |    0.000361234 |                 1 |            1 |
|  6 |    0.91713     |      0.0824278 |    0.000441769 |                 1 |            1 |
|  7 |    0.888952    |      0.110318  |    0.000730138 |                 1 |            1 |
|  8 |    0.899239    |      0.10008   |    0.000681506 |                 1 |            1 |
|  9 |    0.861308    |      0.137517  |    0.00117527  |                 1 |            1 |
| 10 |    0.844965    |      0.153541  |    0.00149327  |                 1 |            1 |
| 11 |    0.811145    |      0.186693  |    0.00216184  |                 1 |            1 |
| 12 |    0.790442    |      0.206834  |    0.0027243   |                 1 |            1 |
| 13 |    0.746117    |      0.249945  |    0.00393753  |                 1 |            1 |
| 14 |    0.737824    |      0.257724  |    0.0044523   |                 1 |            1 |
| 15 |    0.456579    |      0.527152  |    0.0162681   |                 2 |            1 |
| 16 |    0.612612    |      0.377755  |    0.00963325  |                 1 |            1 |
| 17 |    0.654614    |      0.336814  |    0.00857177  |                 1 |            1 |
| 18 |    0.569292    |      0.417413  |    0.0132946   |                 1 |            1 |
| 19 |    0.269117    |      0.690627  |    0.0402564   |                 2 |            2 |
| 20 |    0.226389    |      0.723734  |    0.0498768   |                 2 |            2 |
| 21 |    0.271966    |      0.682309  |    0.0457248   |                 2 |            2 |
| 22 |    0.213377    |      0.726892  |    0.0597311   |                 2 |            2 |
| 23 |    0.155665    |      0.765221  |    0.0791137   |                 2 |            2 |
| 24 |    0.242985    |      0.695398  |    0.0616171   |                 2 |            2 |
| 25 |    0.09407     |      0.78755   |    0.11838     |                 2 |            2 |
| 26 |    0.105651    |      0.775545  |    0.118804    |                 2 |            2 |
| 27 |    0.281553    |      0.652339  |    0.0661072   |                 2 |            2 |
| 28 |    0.276831    |      0.651557  |    0.0716118   |                 2 |            2 |
| 29 |    0.195148    |      0.70482   |    0.100032    |                 2 |            2 |
| 30 |    0.174954    |      0.710811  |    0.114236    |                 2 |            2 |
| 31 |    0.160613    |      0.711581  |    0.127806    |                 2 |            2 |
| 32 |    0.147261    |      0.71027   |    0.14247     |                 2 |            2 |
| 33 |    0.125008    |      0.710432  |    0.16456     |                 2 |            2 |
| 34 |    0.0944119   |      0.707225  |    0.198363    |                 2 |            2 |
| 35 |    0.028873    |      0.654922  |    0.316205    |                 2 |            2 |
| 36 |    0.0577581   |      0.676282  |    0.265959    |                 2 |            2 |
| 37 |    0.0539827   |      0.660754  |    0.285264    |                 2 |            2 |
| 38 |    0.0206546   |      0.588261  |    0.391084    |                 2 |            2 |
| 39 |    0.0373784   |      0.61409   |    0.348532    |                 2 |            2 |
| 40 |    0.00864371  |      0.488156  |    0.5032      |                 3 |            2 |
| 41 |    0.00792461  |      0.465855  |    0.526221    |                 3 |            3 |
| 42 |    0.00469996  |      0.408582  |    0.586718    |                 3 |            3 |
| 43 |    0.0036846   |      0.375344  |    0.620971    |                 3 |            3 |
| 44 |    0.00278981  |      0.340921  |    0.656289    |                 3 |            3 |
| 45 |    0.0114124   |      0.435854  |    0.552734    |                 3 |            3 |
| 46 |    0.00616931  |      0.373568  |    0.620262    |                 3 |            3 |
| 47 |    0.00150028  |      0.262592  |    0.735908    |                 3 |            3 |
| 48 |    0.00564544  |      0.340155  |    0.6542      |                 3 |            3 |
| 49 |    0.000511779 |      0.184539  |    0.814949    |                 3 |            3 |
| 50 |    0.00598793  |      0.318752  |    0.67526     |                 3 |            3 |
| 51 |    0.00306908  |      0.262952  |    0.733979    |                 3 |            3 |

Confusion Matrix

[[18  1  0]
 [ 0 21  1]
 [ 0  0 11]]

Precision

[1.         0.95454545 0.91666667]

Recall

[0.94736842 0.95454545 1.        ]

Accuracy

0.9615384615384616

Models List

| formula                    |   accuracy |   precision |   recall |       f1 |   mcfaden |   avg_accuracy |     avg_f1 |   Model_id |
|:---------------------------|-----------:|------------:|---------:|---------:|----------:|---------------:|-----------:|-----------:|
| ('flag', '-2-7-')          |   0.961538 |    0.963141 | 0.961538 | 0.961697 |  0.621834 |       0.925455 |   0.926073 |          2 |
| ('flag', '-2-3-')          |   0.923077 |    0.927885 | 0.923077 | 0.923681 |  0.645333 |       0.903636 |   0.90389  |          0 |
| ('flag', '-2-3-', '-2-7-') |   0.942308 |    0.94398  | 0.942308 | 0.942689 |  0.630286 |       0.867273 |   0.861808 |          1 |
| ('-2-3-', '-2-7-')         |   0.653846 |    0.65432  | 0.653846 | 0.649817 |  0.296204 |     nan        | nan        |          3 |

 Probabilities

|    |   Prob_Class_1 |   Prob_Class_2 |   Prob_Class_3 |   Predicted_Class |   True_Class |
|---:|---------------:|---------------:|---------------:|------------------:|-------------:|
|  0 |    0.955698    |      0.0441604 |    0.000141482 |                 1 |            1 |
|  1 |    0.975152    |      0.0247878 |    6.00938e-05 |                 1 |            1 |
|  2 |    0.96776     |      0.0321458 |    9.44887e-05 |                 1 |            1 |
|  3 |    0.965914    |      0.0339785 |    0.000107055 |                 1 |            1 |
|  4 |    0.96015     |      0.0397075 |    0.000142566 |                 1 |            1 |
|  5 |    0.950661    |      0.0491304 |    0.000208346 |                 1 |            1 |
|  6 |    0.944431    |      0.0553077 |    0.000261574 |                 1 |            1 |
|  7 |    0.93511     |      0.0645421 |    0.000348365 |                 1 |            1 |
|  8 |    0.92864     |      0.0709389 |    0.000421162 |                 1 |            1 |
|  9 |    0.903871    |      0.0954188 |    0.000709756 |                 1 |            1 |
| 10 |    0.911928    |      0.087435  |    0.000637084 |                 1 |            1 |
| 11 |    0.862721    |      0.135857  |    0.00142238  |                 1 |            1 |
| 12 |    0.831534    |      0.166389  |    0.00207775  |                 1 |            1 |
| 13 |    0.81162     |      0.185778  |    0.00260163  |                 1 |            1 |
| 14 |    0.769922    |      0.226276  |    0.00380253  |                 1 |            1 |
| 15 |    0.760679    |      0.235103  |    0.00421752  |                 1 |            1 |
| 16 |    0.491351    |      0.490514  |    0.0181354   |                 1 |            1 |
| 17 |    0.640026    |      0.350527  |    0.00944665  |                 1 |            1 |
| 18 |    0.67775     |      0.314287  |    0.00796266  |                 1 |            1 |
| 19 |    0.594474    |      0.39283   |    0.0126958   |                 1 |            1 |
| 20 |    0.293096    |      0.661389  |    0.0455156   |                 2 |            2 |
| 21 |    0.246869    |      0.696501  |    0.0566296   |                 2 |            2 |
| 22 |    0.292688    |      0.658695  |    0.0486174   |                 2 |            2 |
| 23 |    0.230409    |      0.705015  |    0.0645758   |                 2 |            2 |
| 24 |    0.168543    |      0.743914  |    0.0875432   |                 2 |            2 |
| 25 |    0.258358    |      0.680341  |    0.0613005   |                 2 |            2 |
| 26 |    0.101409    |      0.765927  |    0.132664    |                 2 |            2 |
| 27 |    0.113186    |      0.759583  |    0.127231    |                 2 |            2 |
| 28 |    0.293509    |      0.647885  |    0.0586059   |                 2 |            2 |
| 29 |    0.287483    |      0.65062   |    0.061897    |                 2 |            2 |
| 30 |    0.203895    |      0.706651  |    0.0894544   |                 2 |            2 |
| 31 |    0.182563    |      0.716354  |    0.101083    |                 2 |            2 |
| 32 |    0.167328    |      0.721223  |    0.111449    |                 2 |            2 |
| 33 |    0.15323     |      0.724315  |    0.122455    |                 2 |            2 |
| 34 |    0.130176    |      0.728801  |    0.141024    |                 2 |            2 |
| 35 |    0.0986093   |      0.729224  |    0.172166    |                 2 |            2 |
| 36 |    0.0302224   |      0.662925  |    0.306853    |                 2 |            2 |
| 37 |    0.0606277   |      0.70581   |    0.233562    |                 2 |            2 |
| 38 |    0.0567696   |      0.696748  |    0.246482    |                 2 |            2 |
| 39 |    0.0217423   |      0.612622  |    0.365636    |                 2 |            2 |
| 40 |    0.039629    |      0.660238  |    0.300133    |                 2 |            2 |
| 41 |    0.00905251  |      0.506082  |    0.484865    |                 2 |            2 |
| 42 |    0.00835684  |      0.490492  |    0.501151    |                 3 |            3 |
| 43 |    0.00492304  |      0.426859  |    0.568218    |                 3 |            3 |
| 44 |    0.0038717   |      0.395478  |    0.600651    |                 3 |            3 |
| 45 |    0.00293841  |      0.361751  |    0.635311    |                 3 |            3 |
| 46 |    0.0126694   |      0.508123  |    0.479208    |                 2 |            3 |
| 47 |    0.00687469  |      0.435867  |    0.557258    |                 3 |            3 |
| 48 |    0.00161421  |      0.290144  |    0.708242    |                 3 |            3 |
| 49 |    0.00647533  |      0.416551  |    0.576974    |                 3 |            3 |
| 50 |    0.000539543 |      0.199703  |    0.799758    |                 3 |            3 |
| 51 |    0.00710899  |      0.413319  |    0.579572    |                 3 |            3 |
| 52 |    0.00366197  |      0.341528  |    0.65481     |                 3 |            3 |

Confusion Matrix

[[20  0  0]
 [ 0 22  0]
 [ 0  1 10]]

Precision

[1.         0.95652174 1.        ]

Recall

[1.         1.         0.90909091]

Accuracy

0.9811320754716981

Models List

| formula                    |   accuracy |   precision |   recall |       f1 |   mcfaden |   avg_accuracy |     avg_f1 |   Model_id |
|:---------------------------|-----------:|------------:|---------:|---------:|----------:|---------------:|-----------:|-----------:|
| ('flag', '-2-7-')          |   0.961538 |    0.963141 | 0.961538 | 0.961697 |  0.621834 |       0.925455 |   0.926073 |          2 |
| ('flag', '-2-3-')          |   0.923077 |    0.927885 | 0.923077 | 0.923681 |  0.645333 |       0.903636 |   0.90389  |          0 |
| ('flag', '-2-3-', '-2-7-') |   0.942308 |    0.94398  | 0.942308 | 0.942689 |  0.630286 |       0.867273 |   0.861808 |          1 |
| ('-2-3-', '-2-7-')         |   0.653846 |    0.65432  | 0.653846 | 0.649817 |  0.296204 |     nan        | nan        |          3 |

 Probabilities

|    |   Prob_Class_1 |   Prob_Class_2 |   Prob_Class_3 |   Predicted_Class |   True_Class |
|---:|---------------:|---------------:|---------------:|------------------:|-------------:|
|  0 |    0.945751    |      0.054077  |    0.000172119 |                 1 |            1 |
|  1 |    0.97328     |      0.0266545 |    6.5445e-05  |                 1 |            1 |
|  2 |    0.964883    |      0.0350129 |    0.000104009 |                 1 |            1 |
|  3 |    0.963481    |      0.0364029 |    0.00011617  |                 1 |            1 |
|  4 |    0.95739     |      0.0424558 |    0.000154406 |                 1 |            1 |
|  5 |    0.946913    |      0.0528605 |    0.00022679  |                 1 |            1 |
|  6 |    0.940632    |      0.0590847 |    0.000282944 |                 1 |            1 |
|  7 |    0.930802    |      0.0688219 |    0.000376131 |                 1 |            1 |
|  8 |    0.924672    |      0.0748778 |    0.000450723 |                 1 |            1 |
|  9 |    0.896646    |      0.102583  |    0.000771097 |                 1 |            1 |
| 10 |    0.908578    |      0.0907505 |    0.000671855 |                 1 |            1 |
| 11 |    0.870585    |      0.128204  |    0.00121042  |                 1 |            1 |
| 12 |    0.855077    |      0.143403  |    0.00152021  |                 1 |            1 |
| 13 |    0.821078    |      0.176691  |    0.0022306   |                 1 |            1 |
| 14 |    0.801124    |      0.196098  |    0.00277801  |                 1 |            1 |
| 15 |    0.755715    |      0.240209  |    0.00407628  |                 1 |            1 |
| 16 |    0.749475    |      0.246057  |    0.00446795  |                 1 |            1 |
| 17 |    0.439941    |      0.54026   |    0.0197996   |                 2 |            1 |
| 18 |    0.618151    |      0.371759  |    0.0100902   |                 1 |            1 |
| 19 |    0.668041    |      0.323643  |    0.00831517  |                 1 |            1 |
| 20 |    0.577327    |      0.409311  |    0.013362    |                 1 |            1 |
| 21 |    0.248824    |      0.703353  |    0.0478236   |                 2 |            2 |
| 22 |    0.206351    |      0.734701  |    0.0589479   |                 2 |            2 |
| 23 |    0.258054    |      0.691192  |    0.0507539   |                 2 |            2 |
| 24 |    0.197955    |      0.735245  |    0.0668007   |                 2 |            2 |
| 25 |    0.139807    |      0.770616  |    0.0895769   |                 2 |            2 |
| 26 |    0.0809498   |      0.785276  |    0.133774    |                 2 |            2 |
| 27 |    0.0940968   |      0.777124  |    0.128779    |                 2 |            2 |
| 28 |    0.289333    |      0.650855  |    0.0598121   |                 2 |            2 |
| 29 |    0.287726    |      0.649333  |    0.0629409   |                 2 |            2 |
| 30 |    0.198138    |      0.710694  |    0.091168    |                 2 |            2 |
| 31 |    0.178283    |      0.718841  |    0.102876    |                 2 |            2 |
| 32 |    0.16488     |      0.721826  |    0.113294    |                 2 |            2 |
| 33 |    0.152424    |      0.723201  |    0.124375    |                 2 |            2 |
| 34 |    0.129502    |      0.727344  |    0.143155    |                 2 |            2 |
| 35 |    0.0967177   |      0.728702  |    0.17458     |                 2 |            2 |
| 36 |    0.0260859   |      0.666707  |    0.307208    |                 2 |            2 |
| 37 |    0.058527    |      0.705262  |    0.236211    |                 2 |            2 |
| 38 |    0.0556751   |      0.694926  |    0.249399    |                 2 |            2 |
| 39 |    0.0194517   |      0.613933  |    0.366615    |                 2 |            2 |
| 40 |    0.0390393   |      0.657563  |    0.303397    |                 2 |            2 |
| 41 |    0.00772502  |      0.50846   |    0.483815    |                 2 |            2 |
| 42 |    0.00725302  |      0.492141  |    0.500606    |                 3 |            3 |
| 43 |    0.00414954  |      0.429419  |    0.566432    |                 3 |            3 |
| 44 |    0.0032681   |      0.397893  |    0.598839    |                 3 |            3 |
| 45 |    0.00247646  |      0.364127  |    0.633396    |                 3 |            3 |
| 46 |    0.0127206   |      0.503862  |    0.483417    |                 2 |            3 |
| 47 |    0.00663574  |      0.433265  |    0.560099    |                 3 |            3 |
| 48 |    0.00138704  |      0.291686  |    0.706927    |                 3 |            3 |
| 49 |    0.00653345  |      0.412271  |    0.581196    |                 3 |            3 |
| 50 |    0.000441789 |      0.202183  |    0.797376    |                 3 |            3 |
| 51 |    0.00761523  |      0.406716  |    0.585669    |                 3 |            3 |
| 52 |    0.0037641   |      0.33698   |    0.659256    |                 3 |            3 |

Confusion Matrix

[[20  1  0]
 [ 0 21  0]
 [ 0  1 10]]

Precision

[1.         0.91304348 1.        ]

Recall

[0.95238095 1.         0.90909091]

Accuracy

0.9622641509433962

