Models List

| formula            |   accuracy |   precision |   recall |   f1 |   mcfadden_r2 |   avg_mcfadden_r2 |   avg_accuracy |   avg_f1 |   Model_id |
|:-------------------|-----------:|------------:|---------:|-----:|--------------:|------------------:|---------------:|---------:|-----------:|
| ('-2-3-', '-2-7-') |        nan |         nan |      nan |  nan |           nan |               nan |            nan |      nan |          0 |

 Probabilities

|    |   Prob_Class_1 |   Prob_Class_2 |   Prob_Class_3 |   Predicted_Class |   True_Class |
|---:|---------------:|---------------:|---------------:|------------------:|-------------:|
|  0 |    0.233964    |       0.619247 |     0.146789   |                 2 |            1 |
|  1 |    0.690289    |       0.293842 |     0.0158685  |                 1 |            1 |
|  2 |    0.691528    |       0.293442 |     0.0150305  |                 1 |            1 |
|  3 |    0.760783    |       0.232924 |     0.00629248 |                 1 |            1 |
|  4 |    0.707878    |       0.279239 |     0.0128826  |                 1 |            1 |
|  5 |    0.669311    |       0.312019 |     0.0186698  |                 1 |            1 |
|  6 |    0.677789    |       0.306092 |     0.016119   |                 1 |            1 |
|  7 |    0.710844    |       0.276875 |     0.012281   |                 1 |            1 |
|  8 |    0.581987    |       0.380654 |     0.0373592  |                 1 |            1 |
|  9 |    0.54217     |       0.404768 |     0.0530624  |                 1 |            1 |
| 10 |    0.731311    |       0.259882 |     0.00880702 |                 1 |            1 |
| 11 |    0.531861    |       0.405105 |     0.0630332  |                 1 |            1 |
| 12 |    0.584643    |       0.37989  |     0.0354666  |                 1 |            1 |
| 13 |    0.68891     |       0.295833 |     0.0152572  |                 1 |            1 |
| 14 |    0.725662    |       0.264731 |     0.00960709 |                 1 |            1 |
| 15 |    0.762954    |       0.23051  |     0.00653646 |                 1 |            1 |
| 16 |    0.754868    |       0.238672 |     0.00645973 |                 1 |            1 |
| 17 |    0.61051     |       0.35992  |     0.0295699  |                 1 |            1 |
| 18 |    0.410555    |       0.549542 |     0.0399027  |                 2 |            1 |
| 19 |    0.111444    |       0.432428 |     0.456129   |                 3 |            1 |
| 20 |    0.647858    |       0.328015 |     0.0241273  |                 1 |            1 |
| 21 |    0.0469225   |       0.277194 |     0.675884   |                 3 |            1 |
| 22 |    0.219539    |       0.651247 |     0.129214   |                 2 |            2 |
| 23 |    0.200318    |       0.658514 |     0.141169   |                 2 |            2 |
| 24 |    0.287666    |       0.601949 |     0.110385   |                 2 |            2 |
| 25 |    0.0783702   |       0.501914 |     0.419716   |                 2 |            2 |
| 26 |    0.0512546   |       0.459806 |     0.488939   |                 3 |            2 |
| 27 |    0.154419    |       0.524708 |     0.320873   |                 2 |            2 |
| 28 |    0.326352    |       0.626286 |     0.047362   |                 2 |            2 |
| 29 |    0.216154    |       0.643472 |     0.140375   |                 2 |            2 |
| 30 |    0.517201    |       0.413552 |     0.0692476  |                 1 |            2 |
| 31 |    0.635778    |       0.329741 |     0.0344808  |                 1 |            2 |
| 32 |    0.641761    |       0.333726 |     0.0245126  |                 1 |            2 |
| 33 |    0.545255    |       0.401602 |     0.053143   |                 1 |            2 |
| 34 |    0.42191     |       0.45749  |     0.120599   |                 2 |            2 |
| 35 |    0.257145    |       0.457935 |     0.284921   |                 2 |            2 |
| 36 |    0.43647     |       0.445768 |     0.117762   |                 2 |            2 |
| 37 |    0.639355    |       0.333632 |     0.0270131  |                 1 |            2 |
| 38 |    0.236625    |       0.60531  |     0.158064   |                 2 |            2 |
| 39 |    0.594444    |       0.371979 |     0.033577   |                 1 |            2 |
| 40 |    0.64563     |       0.329069 |     0.0253004  |                 1 |            2 |
| 41 |    0.207347    |       0.565254 |     0.227398   |                 2 |            2 |
| 42 |    0.642987    |       0.330414 |     0.0265994  |                 1 |            2 |
| 43 |    0.0874299   |       0.509428 |     0.403142   |                 2 |            2 |
| 44 |    0.101447    |       0.513805 |     0.384748   |                 2 |            3 |
| 45 |    0.0362117   |       0.369569 |     0.59422    |                 3 |            3 |
| 46 |    0.231612    |       0.632777 |     0.135612   |                 2 |            3 |
| 47 |    0.0356038   |       0.369936 |     0.59446    |                 3 |            3 |
| 48 |    0.256092    |       0.456544 |     0.287364   |                 2 |            3 |
| 49 |    0.147259    |       0.441155 |     0.411586   |                 2 |            3 |
| 50 |    0.0895937   |       0.516041 |     0.394365   |                 2 |            3 |
| 51 |    0.114371    |       0.35337  |     0.532259   |                 3 |            3 |
| 52 |    0.00421754  |       0.136689 |     0.859093   |                 3 |            3 |
| 53 |    0.0650882   |       0.223235 |     0.711677   |                 3 |            3 |
| 54 |    0.000411512 |       0.014023 |     0.985565   |                 3 |            3 |

Confusion Matrix

[[18  2  2]
 [ 8 13  1]
 [ 0  5  6]]

Precision

[0.69230769 0.65       0.66666667]

Recall

[0.81818182 0.59090909 0.54545455]

Accuracy

0.6727272727272727

